0.0	22.729635640510732	29.205790583716166	18.49249903777042	16.673175902995307	6.2814197745102955	18.66276321606863	11.032201166909397	11.583912537616717	15.193358526880031	4.361480474881323	6.869479357310699	5.937999436003464	10.377738775625506	37.9774653536658	17.893823128615537	18.862100203760544	16.81614200713936	25.98767669141107	12.071319588246828	10.77892655657855	4.565726911550251	26.34222018230916	5.5021639224734455	11.300238108389724	28.825586022377262	10.695827672128829	15.972465651776188	9.612405311024078	11.641806245241368	22.03791980985216	9.987401440342651	23.24417423367621	27.394531087154693	17.738567966546984	30.315607909379658	8.979865290700879	22.628592429335857	13.829377763601876	6.136007363111317	9.037201237513315	16.2676890610559	5.298616530723637	8.885646705832274	11.420387793272527	10.002115009018006	26.658005356635783	24.744696802759943	2.7928769471322386	29.263025642731257	13.078348885246047	17.694320569477192	40.59901245754637	6.786734557807486	21.170081940625646	8.663552169315423	22.52817286258115	20.160629809747448	5.987424455422927	6.753728613017414	6.417544406029459	18.185695612178076	12.117537664061183	18.97873299269081	37.184579877863705	25.095812015263487	12.009474694873415	27.094395000250493	22.564488479328503	9.51939558171296	10.93200409754628	12.976335279561125	15.763490472142177	8.998678786036457	20.048385739143733	18.555213888998384	7.471819732085974	24.62491876122069	8.873108521477493	6.538595679601037	19.70969168749121	8.762680095319057	18.73689266141183	16.706430883987903	26.363019405789352	39.52270290291491	15.063632726127505	17.3782285183921	7.788743348161793	15.570807429662059	4.877963201041028	31.039118871353505	6.235772646767191	27.848743167962784	25.006735432659053	19.05043595803235	6.52073331599499	6.481519378401307	30.47063631760866	1.9796168249940471
22.729635640510732	0.0	33.60896175882699	25.373606654648718	6.257776753286456	27.511510453745352	14.49285841823674	29.895632020175686	12.087532990492464	14.1385183932234	25.62384230715632	25.294870329581062	28.32644012048178	30.29936950969288	24.807446788312873	4.864395349860208	9.519485353731081	33.235552508217445	3.3439156775237304	19.204122592420898	12.55102490882961	25.133650753981268	6.945736496927768	17.65187166622823	21.205006986397713	11.601183204907185	19.09355597608922	22.592364849119583	20.28311765829433	13.365647143903796	28.99710746324879	24.930892853032322	13.359562325319493	19.786151673374228	5.161508138651874	8.125121656268176	16.82347504375643	19.423308337714843	33.71634975724213	21.281183619749413	14.858407621778722	25.57330692556076	17.570591794154666	19.88358204829185	28.50753203406082	13.224001781347532	23.900482841870677	7.249315925015365	22.61663776039122	29.89567138565289	35.60668486642589	8.014512662135715	26.492947694077074	27.85365002482197	15.169006315057612	31.365709999410882	15.483987716701243	24.938542127020767	24.54321247358981	16.439146625573205	23.756087033261508	5.086870357317	10.746354341658495	11.679367926137534	15.055369003572968	16.003814822969574	10.923400603377647	17.338718449030218	22.6921880744052	15.164093470419177	26.441621501097877	18.10839056355107	11.961423915692638	15.759764357786864	15.636471188274303	22.41495101080029	15.2675971550421	2.1229617377293466	21.62383354117059	17.258743463559828	5.955615264890842	17.00783462724318	16.88653751133029	31.01486569447982	19.72331338556782	19.122694739003336	33.25734791827904	22.662477006963712	30.4025555072773	22.966801016712303	19.112259929021818	21.78989560202535	26.526847479961475	37.051474757138394	33.31374324284327	14.56401576051759	29.100021852351734	25.957005523496186	26.061222050982792	20.7645608866868
29.205790583716166	33.60896175882699	0.0	10.859961724966718	32.138259137636354	26.124787365028592	19.171301501413513	22.10381393161374	32.55380153387825	20.60659265322649	33.14605543088005	23.131115738217307	28.62342493678858	38.67114830152444	24.758191205542044	31.797623195617668	24.126005527503594	17.914139523444106	36.05905479454681	18.562914679162752	26.611251029470935	25.729350871774223	30.210533340512562	26.859895433692515	18.2943665120971	45.04098150218189	37.67543241956698	13.830366281623165	20.172914854236787	34.30984298559688	7.185665300984551	19.498677047104707	21.143618502559317	16.760773713411623	32.36388486941245	40.578484133380556	23.05054174020754	47.114740142135844	23.727686752190564	23.209491276506963	32.42940605295112	12.939533973229976	27.662850314466585	21.025609130120635	20.001782423529882	26.7312360910985	11.116046921296594	28.325328084795	31.89655104845467	5.450776046011328	36.373456331703935	26.000375249942838	27.195107862315442	25.819548978192792	43.77199259666322	31.186651651396055	44.83687333454392	9.776182708066699	23.712271235387462	26.662648760157094	35.55655511738837	33.319185025078184	30.715490676051754	21.942760775588905	46.42805653576457	19.35101930737901	27.99977765445411	19.386131219071963	48.65755418138777	33.52236359297676	19.083091098292428	18.5753935992078	22.524600357521113	24.158536308949458	17.976293083077724	45.594885836752155	28.495089803844365	35.449840623895945	20.457935038878958	31.83546645435185	36.22144537747346	34.411882297826565	16.835074191770715	45.90422565729454	15.984349261732612	36.49973216305461	43.56945602996333	12.774337241490427	32.91118997613691	14.01201699567502	31.74809166831678	18.20866306506874	24.917127584493933	7.115452442398565	5.899837016993059	19.06501754859882	29.527358753812177	24.061872368946567	12.038940774380723	29.14243026721036
18.49249903777042	25.373606654648718	10.859961724966718	0.0	22.607647121783167	16.231694965333343	11.397353492407118	13.31452813076766	22.122488224792967	11.308171379254365	22.577068514293426	12.911735529795669	18.712902677655926	28.303946025202848	25.53737840682942	22.579449087151463	16.069226043066802	11.69989225027431	28.29590826139471	7.872863821933289	16.298188243440283	15.392707022120296	23.82429857937693	16.020329065989284	7.4345583105789546	36.204307499903166	26.84929863635553	3.147922176235973	9.313237697291477	23.76903948057095	4.044830751895184	9.257094937688844	15.418775204701625	14.624347854446006	23.041161939246933	33.11039349663741	12.342409322436335	36.671998932389705	16.150392497258963	12.415613866060452	21.739154265857408	2.672469498035784	16.823435684496317	10.16666608290434	10.945227287360481	16.298412245969836	10.713937301227087	21.76080931958638	21.128970268960018	11.070841366531338	27.12619787316945	17.366994525580832	28.3050467458725	16.027265037571674	33.56109763777387	21.669824262169502	34.703624182638784	2.2272717377179303	13.331267276525478	15.883493403457594	24.777655116732344	23.97812556891741	20.47069062626868	14.138649256130421	39.61029674475369	15.020065678161227	17.8668677664101	16.187941383087903	38.007941726704004	22.822128855497013	9.31853885452637	8.173651730026451	13.465414812270321	13.52056726073285	11.0140176870378	34.818455374094626	17.777965455844637	27.412444064382576	9.65421369078941	21.011396325433655	26.82032345269833	23.619196922607536	9.119534098566298	35.19267017530915	13.433579853410311	33.49151890762905	33.184554870039776	2.7127106412414768	23.023801380963697	3.186616335600118	20.888448415723804	17.821167110339683	14.884720749556394	11.853549109340609	8.17339794469912	11.493316772633081	19.697274113862143	13.94890666273895	14.261110794637935	18.316537176009803
16.673175902995307	6.257776753286456	32.138259137636354	22.607647121783167	0.0	21.82415160389213	13.395718320640873	24.739171493943502	5.852972619104105	11.551154664432843	19.393674145266033	19.96772728547575	22.413461798145793	24.053225135635163	28.3240522101129	1.5444825416568286	9.11297248669195	28.73080284255687	9.372271443940685	15.380666821110145	7.330461624519129	19.459981082946427	11.797355268994437	11.88443384800747	17.074313100414646	13.88040065794002	13.170264295330574	19.54980397398758	15.779744800741419	7.3006593479203525	26.537066238309187	20.209697688563335	14.51981326287092	20.994199851719443	1.09772583199965	13.659125404684836	12.013344524341186	16.32690410295666	28.461992287151208	16.028505692509594	8.604057994607766	22.19812900304241	11.678678822296627	15.21005100812371	23.636382057313195	7.834887266501388	23.861607719257442	11.075685799122711	16.39689824373407	29.283313357834626	29.419595531376167	6.7855095658540705	30.38544227742307	22.206007140193343	12.33452449971274	25.336267368768475	13.15186245917712	22.706156466272258	19.135778606423408	10.75793068537553	17.511839283165376	1.6096669106130714	4.565572150424975	11.094399764158496	20.573222617133506	17.295471854443214	5.511459266438802	19.07607573006813	18.997651516644915	8.954692099794261	21.743922407678017	14.598493337051531	9.631460205480874	10.781992915617172	14.948189051464844	17.74575139284213	9.302809553734477	7.993907560515845	16.91102006156927	11.00731732114408	4.224808146586901	10.823574786357122	15.491055062659553	25.192691635967577	20.571860731764826	24.893985719148557	27.12027593751231	20.00400639676452	24.252990798647627	19.76748719643672	12.871129776683487	23.772369374593982	20.964902785986883	34.45852011153648	30.77619770247906	13.62451518676997	23.131697943331126	20.500055377987888	26.737305920287437	14.694934334983225
6.2814197745102955	27.511510453745352	26.124787365028592	16.231694965333343	21.82415160389213	0.0	20.224737285772186	5.169762509086792	17.356246035539893	17.146112700440302	8.115083847105241	3.5157722153193047	2.5044684540167643	12.752150164637287	39.1124371374601	22.84372517551368	21.86222077443524	11.189941194631745	30.8458727392363	12.292991158291656	14.986309479352743	2.377893609866624	30.043447440986114	9.939931457813271	10.562847637496553	34.691575500653265	16.898316516998186	14.568815168713366	9.678866495649048	17.704349737993542	19.032261151806658	6.999650641233697	25.200446764575535	28.036889564307906	22.82217310733326	35.42072569152732	11.400070103428815	28.888256628433716	7.55280716222742	6.76397397886563	15.044052976898923	13.62668690711607	10.193414382309486	9.40156421272128	6.4044009569519975	14.291053107269386	26.026607225691954	28.2263559551981	8.636282664186922	27.29585109793219	11.103817911746948	21.278072200282363	41.8446607465547	0.5176989114135274	27.43242621020332	5.575113435437403	28.78852467312225	18.285151503254756	3.610493725686768	11.09851639195451	11.691097447914782	23.41048651966853	17.430095034245483	21.36611840889308	42.369271613902875	26.497186127818388	16.593036243367898	28.358084448365755	28.6821461984326	15.653592158588939	7.061083573693551	13.600707466539143	18.409747501868303	12.101457653836272	21.256938173505038	24.565138514486666	12.587040179158551	29.53115944240976	8.236659070106416	12.680219772587357	25.284432090784495	15.029633941013184	19.53539460044777	20.781726361746454	26.890107808923126	42.75395010489387	17.60911539270945	16.04831704441932	6.8196279293711335	13.981637244524862	11.135924514963342	31.680795303469985	1.436507721078323	23.475319932404567	21.160421321283817	20.582711637318173	3.465871635570309	2.4087353320214233	29.83232030557208	7.924030309753035
18.66276321606863	14.49285841823674	19.171301501413513	11.397353492407118	13.395718320640873	20.224737285772186	0.0	20.16416117189014	15.52441475786372	3.51510080493066	22.934220128301977	16.898473458505233	22.13165429737795	28.893894376021414	19.316518249166705	12.81354320446909	4.9743356636810105	21.416345638181603	17.156797020490675	8.121200279056678	10.05208058777544	18.229853340448763	12.454511721361136	13.607972963236765	10.220933882367488	25.869695081811937	22.49658437263555	9.174694865599566	10.583475881919316	17.523352273270014	14.681042748840825	14.640637025202732	5.029410017879311	9.031509124929453	13.435920348007318	21.883248324271257	9.682993915010336	29.377519129075505	23.905418912414095	13.63980497302559	16.590565881442895	12.329473680768427	14.199004874308736	10.827201119568956	18.079315459149626	10.59360678747747	10.549466011940849	10.384817791254848	20.342920773104463	15.910530630435817	30.90110238448327	6.874721349758143	21.955505265550762	20.32249061832872	25.598093558698203	25.54726486110406	26.501767269737254	10.585649848600898	16.61617807142527	12.622742401375373	23.36373536416474	14.381184601150458	13.30854809156371	2.8361753007315107	28.25365374935159	6.439638932604431	10.639180806220962	8.431652667627107	31.59069509733032	17.618039248507852	15.825241174471431	6.728233609002234	4.102485226965828	9.83568678680157	1.6825973385718265	29.392505154002233	13.476044610681786	16.412931644296922	12.097148876272165	17.292585161076538	17.267781151760705	19.14624046920764	2.4063340232087764	33.459586685207924	8.185852195100999	23.276085690124017	33.28987440330462	8.750985961936737	25.799518715229578	9.737394230894546	18.22268140125051	12.55976487092201	18.839669213471506	22.70415638499611	18.97654225440489	0.3893363929494121	23.146731467302043	17.935969044612065	13.743296328632638	17.349204836901134
11.032201166909397	29.895632020175686	22.10381393161374	13.31452813076766	24.739171493943502	5.169762509086792	20.16416117189014	0.0	21.05707716261556	17.66527610743289	13.284427080369037	4.857086315758269	7.282277800757862	17.63563369410072	37.98942337106816	25.529702150523566	22.88278259296992	6.023900040872535	33.22991434326013	12.096344641087718	17.481531937192745	6.481977535757436	31.34554653874222	13.218937696350329	9.947495146927029	38.2041168364897	21.722358436623754	12.587879970814196	10.008182822202635	21.748719472600044	15.306484332272072	5.526637941400885	25.176058676847045	26.808603331823967	25.638134221050137	37.98713438744543	13.083677894999136	33.57580977112768	3.8661246064668275	8.710834645228568	19.088440769244414	10.65422984183276	13.70964492797112	10.179344794447246	2.3807158891464195	16.913395582238238	23.851809255953054	29.38699112391692	13.618454992837863	24.044109401112358	14.269969962469236	22.8214090706965	40.763596499871554	4.680707428741979	31.7982793717488	9.19054675369718	33.13831247366751	15.525164398182234	5.784443484964667	14.137998883396305	16.825919836504326	26.348797135504142	20.674679998960432	21.90725028445691	44.94237062689615	25.95392601550798	19.258874570144087	27.627122104317554	33.59606286475572	19.852211248391047	4.442009911815416	13.499620532233973	19.373900745193488	14.143429018687547	20.833733557978288	29.555971588684976	15.983542783598494	31.99172194646812	8.49780264409806	16.97393721185307	28.552315872984714	19.522393217659616	18.89997978390724	25.870574579668677	25.61278024137048	43.36834360848919	22.39855081105817	13.954054526883768	11.224029536697538	11.916937976579772	15.67175288708241	30.331764489282758	4.798175220081365	18.69734595757228	16.743289801037257	20.47204615548691	7.9515026850208645	4.687253416803163	27.520513682786873	12.331670283814423
11.583912537616717	12.087532990492464	32.55380153387825	22.122488224792967	5.852972619104105	17.356246035539893	15.52441475786372	21.05707716261556	0.0	12.5997445075247	13.763429177281925	16.203011920142423	17.505082570944325	18.21214778920147	32.83056200519248	7.354517669636788	12.621006574305285	25.844501189677743	15.081204120880605	14.279991816907298	5.960939085291137	15.097744405134197	17.385441854353438	7.86379591712743	15.35909476624644	17.33578381200302	7.700499034754984	18.97734159766315	13.664216505284884	2.014702077532664	26.16731382763252	17.391407053507233	18.186960728690277	24.201037258213706	6.937246946363726	19.026769462056176	9.960398738104843	14.57047768308496	24.530940124103907	12.652561259120276	2.80963925945884	21.03717670244255	7.349090576194868	12.8971873033283	20.421671506712173	5.835200458832935	25.93285393767849	16.377220197679364	10.831058513184944	30.60803780117587	23.868854769822974	10.453632179135022	35.09120187810638	17.79841279832876	11.537436485022965	20.152657794140918	12.760505732111993	22.789866483372933	15.274276826011368	7.138311040508293	11.66869937482185	7.081527511842317	2.278121728291855	14.039128219929726	25.77511204073432	20.804079266070826	4.893501793905385	22.76296059218214	16.263113782732585	3.1140137572217856	18.87174739459897	14.014255684222789	11.425828931289091	8.691309146617558	17.205854277887525	13.869496542375737	5.130125735460532	13.698254322125134	14.357119116686386	5.353240478808077	8.155663470823258	5.000598887431534	17.060033779443792	19.665374693621725	23.53875991287165	30.631308495492704	21.300371247678722	19.82748858095769	18.81833265702823	18.993324261929082	7.256375159322839	27.395862546530804	16.750369684724976	33.657108301613285	30.14988782173911	15.85276830045793	18.10034782855252	16.488196003427745	29.263041400412277	9.640030760960986
15.193358526880031	14.1385183932234	20.60659265322649	11.308171379254365	11.551154664432843	17.146112700440302	3.51510080493066	17.66527610743289	12.5997445075247	0.0	19.441062060871943	13.96102580544835	18.917204948544168	25.388770869342682	22.79115926580614	11.346707520988096	5.36974394521683	19.743687457616687	17.185482461004774	5.6662464480389065	6.826484134521025	15.042346816583953	13.834429073737082	10.0930653731053	7.854743842040942	24.918774691289016	19.22785441110034	8.454569595985035	7.728606867076686	14.550179941274605	15.10412837839992	12.180759053426886	8.146093012436136	12.510603654182733	11.856827366952253	22.04964229918349	6.228408063407171	26.870270605695808	21.497207068117014	10.43503503543833	13.357935829075318	11.456277065226208	10.686019152483587	7.794946676948857	15.766394069465475	7.277661607500927	13.368554805512723	11.815790275413114	16.829854265642734	18.101062582595485	27.609284764170894	6.132917022365103	25.40565420880532	17.290677650733745	23.29989743745953	22.331495628704065	24.308561883043307	11.182840557085644	13.568909837941058	9.114146139620791	19.857128467924856	12.807781663247733	10.494697807108073	4.269444242044848	28.749958114794516	9.910222945307806	7.739579636197389	11.921466516519388	28.838283969459372	14.416639265633954	13.524671041458086	4.3239781037000045	2.177125377362346	6.321314853529121	5.065935989842192	26.38569624510438	10.05092200173967	16.21442909707754	9.273074935927857	13.87617339882918	15.694630457878771	15.850323475134461	4.476093100614247	29.998519555441657	11.61236795498102	25.774407374277505	29.77477535785184	8.619845635281806	22.451161470113625	8.834753325159319	14.7381916114697	16.06700558633895	15.80435646131967	23.117320767696405	19.395721615961126	3.903962110040594	19.915747118057585	14.945231712176579	16.828903011655758	13.842895429219444
4.361480474881323	25.62384230715632	33.14605543088005	22.577068514293426	19.393674145266033	8.115083847105241	22.934220128301977	13.284427080369037	13.763429177281925	19.441062060871943	0.0	10.167457576354971	6.345516552739408	6.017237373710545	42.23047244479344	20.7640400350256	22.800183348281568	19.304711814185737	28.75771032219212	16.419399897354047	14.455117804890573	7.547512574494032	29.87943299740502	9.47239964622642	15.549619866062626	30.273584589838848	10.137183425586988	20.192613451757214	13.921700956207314	13.192112403653976	25.960394897240565	13.682216361097133	27.412023158037943	31.72718488544957	20.489451153065964	32.789444417701276	13.268714332709315	22.050983622540237	15.164973853094796	10.394948866485779	10.965449465303069	20.231987580805317	9.058396708346516	13.219579423160367	14.313913792794066	13.678884285641544	31.00631014030982	28.407267954706874	3.0213853978819576	33.46845603018689	10.119770949666696	21.430444049980377	44.82860431545522	8.605900529506432	21.41621898161214	7.334127292637221	22.764310265413467	24.33814745016982	9.472220690141883	10.640974802325672	3.8846919727461784	20.77887629843971	14.881242780300834	23.09134858559386	39.50119510638771	29.351137941169632	15.399466217882255	31.360957483378197	21.27673773633141	11.025947658846945	14.356806931934003	17.337763050518703	19.85968622543045	13.162860224306934	24.354100641171918	17.004881396439906	10.804223082818183	27.375658979947822	13.072398670894582	8.420208137414281	21.828136545837715	9.606523820858584	23.081659405180012	12.883684910471336	30.705559908913713	43.17339192145378	10.73160578649974	21.622682437635987	5.3273750382703104	19.75578097900222	6.529539094874369	35.364724209620725	8.793202882442468	31.261202598795727	28.651737558609774	23.323062221580155	6.226067445143388	9.423620232881005	34.822761295979596	5.640913717953666
6.869479357310699	25.294870329581062	23.131115738217307	12.911735529795669	19.96772728547575	3.5157722153193047	16.898473458505233	4.857086315758269	16.203011920142423	13.96102580544835	10.167457576354971	0.0	5.876620568353089	15.540329107402531	35.6437688268857	20.818685517311785	18.900738477085184	10.102811955121934	28.637975598869996	8.865160221126233	12.783067282479845	2.625465456365191	27.241910863053597	8.362045278237984	7.060643814525137	33.35672384223451	17.33237051600136	11.088340962603306	6.315155131577239	16.93609234711615	15.965694840386737	3.6709999571778265	21.907814387124546	24.545314922694104	20.892862470139043	33.34209622341158	8.63494762476689	28.992003246906418	8.494346118766478	4.015634133055582	14.28703935496332	10.375177192439171	8.858611625195076	6.167378166818224	4.604132912315655	12.174766491499422	22.525858973142274	25.355321152535932	9.641817136910998	23.97895427933879	14.616829250000924	18.551729677299335	38.38344506230399	3.4902787328513263	27.048393703650166	9.089127154553774	28.37985289965309	14.901490425208394	0.9663012715425556	9.299456679673291	13.167836773447553	21.576559919734954	15.836270720134271	18.221535828624237	40.304792111250414	23.0948500345828	14.525043999670196	24.928299462010663	29.234747800333167	15.08916191690358	4.1906052654144315	10.208256746223638	15.39954470082854	9.561150664685409	17.857856373891806	25.331319372370135	11.12683997662845	27.369965917739115	4.813401598993104	12.271523324726655	23.72461024607112	14.89132959575316	16.092111410181236	23.050007735192676	23.39306334991971	39.7037234946325	20.43870229108472	12.570329735300346	10.146258846890566	10.516885682422748	11.123517370772012	28.183478863174035	2.0813624206730355	21.12954368508301	18.48758258008719	17.246581890588097	6.896895580605142	1.1070625762200392	26.337409871713714	7.7932191185195645
5.937999436003464	28.32644012048178	28.62342493678858	18.712902677655926	22.413461798145793	2.5044684540167643	22.13165429737795	7.282277800757862	17.505082570944325	18.917204948544168	6.345516552739408	5.876620568353089	0.0	10.377662047289895	41.203031206793334	23.550950792078005	23.37256656818641	13.259702834741333	31.62974582593888	14.387568637274885	15.970814754287671	3.906316638882753	31.35102918089387	10.692437884958236	12.80105591939479	34.76349229254511	15.93288692277991	16.964077235203963	11.731349722936637	17.56689887980837	21.536299157442134	9.463365864551553	27.043203370762182	30.195570532659474	23.45474043326905	36.071982508395564	12.911635813042018	27.977602562039433	8.81949738040859	8.49660135326907	14.97421583632658	16.119188583823234	10.763126702535015	11.340241692393146	8.81081010812206	15.22966759424128	28.38575232299122	29.609000247256922	7.647875435726555	29.781476841539355	8.849329941653524	22.580314930840753	43.916749498404116	2.8166438506500926	26.871211575569152	3.416777114389405	28.23191982952616	20.74714807263902	5.741515042619729	11.934314497565895	10.161595476285624	23.96173657753302	17.899870940691216	23.061463185829556	42.97923896762126	28.485841885896946	17.436657981468315	30.387253934262745	27.474768107835835	15.426575231524023	9.565491126958834	15.636632725939956	19.997759054351043	13.422480126426292	23.25705233683863	23.255176237479326	13.113815088197065	30.285442160499137	10.378792687948023	12.456604191588939	25.60378379590662	14.51975510174503	21.611492089976664	18.60719994431848	29.06622205144717	44.26984227752787	15.193950449474649	18.44628561328978	4.318235291477777	16.39319903448198	10.712421645615015	33.85241216802804	3.833933204910347	25.85074587673576	23.616970058650203	22.500196026016624	1.0372001326643314	4.791187542883796	32.202879889044716	7.865228782170609
10.377738775625506	30.29936950969288	38.67114830152444	28.303946025202848	24.053225135635163	12.752150164637287	28.893894376021414	17.63563369410072	18.21214778920147	25.388770869342682	6.017237373710545	15.540329107402531	10.377662047289895	0.0	48.158803910132484	25.523487192013974	28.487521379345928	23.540366025512036	33.25116125812958	22.416758129120026	20.03903475687514	12.955189130081632	35.14214245142138	15.334638196073444	21.461153152923806	33.26042760166423	12.35054125632725	26.06042098418617	19.887669727329584	17.12875638242059	31.504439296808265	19.18810076258446	33.27934900051756	37.728632132808954	25.143985542963218	36.89935651275823	19.25508423152735	22.813928871150676	18.47306307796579	16.34059494733045	15.453337883103101	25.861053563108936	14.835731688485899	19.207089176464763	19.153159494120196	19.28021153247121	36.998409847965064	33.80388128572632	8.604937454553644	39.28899012783176	8.209490943731689	26.956505646399943	50.73294798978135	13.148135547301674	23.29447463790426	9.189443846079076	24.5548672388185	30.149998399127274	14.998929121025359	16.437792192446988	6.543531336374385	25.273744845407123	19.754673667364838	28.923915347934788	43.34333734535502	35.29086806988318	20.750312614238137	37.30854336285581	21.07746751718223	15.160929854992235	19.63209368062514	23.352701830313567	25.692768953350612	19.08018056766916	30.338170150966043	16.766045329440114	16.28130010306742	31.872661618788484	18.95909536971228	13.203000858898449	25.81295370445362	13.380376276828413	29.092677629732965	8.648245315469236	36.71417894039656	48.47983496194847	4.89837424126633	27.50965063405079	6.677576497016087	25.592304542433993	11.519201518842667	41.36003342670364	13.813663417276985	36.21789056845077	33.884762856450855	29.28316456926495	9.69661052376786	14.624958770096798	40.81964046678916	11.545897283422237
37.9774653536658	24.807446788312873	24.758191205542044	25.53737840682942	28.3240522101129	39.1124371374601	19.316518249166705	37.98942337106816	32.83056200519248	22.79115926580614	42.23047244479344	35.6437688268857	41.203031206793334	48.158803910132484	0.0	26.97116403593564	20.297645419776316	37.234937299158446	24.91367631052317	26.82942958242487	28.555922454049515	37.303967837545535	17.958930521184254	32.82735217297009	28.601254035346226	34.87569725359571	40.45935152137005	25.43158484725214	29.474999942341217	34.78650291665568	26.08689410417801	32.747193497246364	14.972331538012904	11.18237763702173	27.678450370313026	27.21235107049635	28.998637042646358	44.076162340983274	41.339076608205545	32.79372180148539	34.68508888681238	27.875302837460218	33.35980721054405	29.879408346554055	35.66178285122129	29.242088523075008	15.190669991678382	17.669000983805585	39.5703533531914	19.322877173862775	50.04035859315462	22.378882230619876	2.7785615662761582	39.13313246211507	39.84198659409373	44.593297086356436	40.25885224094921	23.42839644583558	35.52791757604384	31.76011924361725	42.40291564228601	28.324684536434788	30.58598029959344	19.366108460034166	30.103788489223913	12.882108891141492	28.456966226250298	10.888566449912087	47.12281993225033	35.56232403073575	33.56304830370113	25.567050919846032	22.55335877858101	29.080154387189545	18.003577037314976	46.0609882923043	32.278713572799305	25.33379625510829	30.877539426338394	35.96140373883322	30.435768910867125	37.32974750807605	19.5923166770484	52.106263239483255	12.376643386729054	14.43536768107932	52.44187648746997	24.14519619593524	45.032883045352456	26.110056318350438	37.16231807985066	7.723067747320474	37.68574396231611	31.574808327912844	28.869411593354204	18.929715752878572	42.23411168316518	36.73398105479595	12.7988375229492	36.61828768678723
17.893823128615537	4.864395349860208	31.797623195617668	22.579449087151463	1.5444825416568286	22.84372517551368	12.81354320446909	25.529702150523566	7.354517669636788	11.346707520988096	20.7640400350256	20.818685517311785	23.550950792078005	25.523487192013974	26.97116403593564	0.0	8.243228906534169	29.28393800765037	8.094535320196062	15.633727252702101	8.048460390241548	20.46908372609417	10.262325346453297	12.923314558930143	17.448388730902668	13.650542042140748	14.714695644605191	19.584739220084884	16.280874810140972	8.843501978467355	26.440563125345598	20.816639704415383	13.462139921436851	19.994189812041345	0.7191042794978731	12.577803826572021	12.604689891766279	17.413286539329643	29.298902647121164	16.833957329587335	10.070678309505267	22.352456411409705	12.788293559947242	15.772566311955513	24.311816461146694	8.64579281779174	23.140455182688882	9.59757497756506	17.75449660626724	28.720917953472433	30.74299404300984	5.994106148939128	28.986401888725975	23.20693378457135	13.318610747225435	26.544077109718792	14.03098891772447	22.526133835044654	20.01986243941147	11.745235158340593	18.9873281222712	1.5855691316410108	5.883558610657674	10.333839567236256	19.53238426859	16.247834380783257	6.297248639620026	17.963509271953075	20.224490314960434	10.465237687483443	22.347705439750012	14.737303302428812	9.297852583051439	11.432272445053606	14.291653238270662	19.14833751597687	10.451646532262767	6.737805945872853	17.49930282865387	12.418697421165769	4.454330512730011	12.34195092716184	15.019174427900943	26.736558756938685	19.639582015859176	23.351119567358914	28.6433681564841	19.92737860819105	25.5440928033125	19.852258890593834	14.259990469665246	22.64609821569941	21.92335780825568	34.42610152576837	30.717506286793483	13.007111724265297	24.30140383304934	21.409579542374487	25.876946855873218	15.923169755980632
18.862100203760544	9.519485353731081	24.126005527503594	16.069226043066802	9.11297248669195	21.86222077443524	4.9743356636810105	22.88278259296992	12.621006574305285	5.36974394521683	22.800183348281568	18.900738477085184	23.37256656818641	28.487521379345928	20.297645419776316	8.243228906534169	0.0	25.11132241237445	12.25496323805137	11.016442180718206	8.469621359990493	19.618312730114198	8.48794483706572	13.383226964336965	13.196485350904236	20.92695780671333	20.178711822397947	13.500621820145831	12.876806914255196	14.614452600672612	19.55190787892853	17.455579585151902	5.591076970836983	11.912753203193255	8.92278035738389	17.04424518163932	10.480623044337673	25.42251222713462	26.737311934435986	15.104324283596956	14.388027280111293	16.6078028995886	13.742331798320132	12.793032735396924	21.066762057131037	9.214749369762266	14.925167590323413	6.5044511337620925	19.921072235161276	20.653211869348038	31.781628870579514	2.3402667877726206	22.663400345109764	22.06956663300169	21.445649959856567	26.738910805944062	22.23108785415709	15.470637615681396	18.38944105002675	12.17087922250957	22.390067228117605	9.828124260272576	10.350273534348716	2.1927055673798157	23.58181177238256	8.295553484963687	8.166410789621692	10.191192322784328	27.956899518722388	15.269259286132938	18.840091060225813	9.692179616541235	3.5149359962218236	9.995561447970493	6.215427145431153	26.250062947043535	12.246778835274588	11.458470656983355	14.402409520323463	15.773573690305106	12.64044823649443	17.032589526996567	7.3676533770663335	31.830811405115213	11.459451440813924	20.90527044493374	32.48049852111154	13.363929681182025	26.51365781401926	13.964555307124593	17.128960718136913	14.870087390144823	20.600620549562812	27.59912700715427	23.86358438796648	5.061027919890581	24.321721867781463	19.810265713390212	17.645223698759526	17.193362335278223
16.81614200713936	33.235552508217445	17.914139523444106	11.69989225027431	28.73080284255687	11.189941194631745	21.416345638181603	6.023900040872535	25.844501189677743	19.743687457616687	19.304711814185737	10.102811955121934	13.259702834741333	23.540366025512036	37.234937299158446	29.28393800765037	25.11132241237445	0.0	36.49281445104417	14.167235996539267	21.41312914387002	12.261884536597284	33.533727501899	18.029386938311458	12.063014438689219	42.52388456680202	27.418274740363003	12.472909530632888	13.007373207134213	26.804549477046447	12.061090680858397	8.547181571280063	26.156947359357634	26.290301239896145	29.511230134790484	41.35021824236336	16.717976974098878	39.08031048631772	5.964061089455995	13.195311992172256	24.20431552160299	9.532539819126546	18.649884387719805	13.52457418499093	5.525670731664974	20.985998066835254	22.272209408064377	31.48619174240671	19.49547783229716	20.949311250708657	19.2515221387075	25.580969440192117	40.00036064574547	10.704217812661927	37.00797896249136	14.732755567691129	38.32234862235808	13.821413879751997	11.063351466539066	18.716505305011882	22.800880592587706	30.31669508285191	25.090729480819032	23.690871706038465	48.219192508743	26.299625606862925	23.238816964300398	27.673780036879126	39.32165609547463	25.071659762025163	7.021536310688095	15.432311534297545	21.764075043744885	17.956183440607184	21.627258097633035	35.36782033043689	20.71679636494812	35.358482925634895	11.820968560407213	22.329402916066726	32.778279845439954	24.977736894836337	19.60627796413968	31.86659057996589	25.091749492290383	44.53302138789552	28.22601516838701	13.437720465578238	16.990102762229775	11.829257747728649	21.226310285120398	29.520781808535457	10.675900238491158	13.323796005065729	12.117047281830004	21.645420481425578	13.848690393852442	10.335075411354051	25.58450649673595	17.893063270684316
25.98767669141107	3.3439156775237304	36.05905479454681	28.29590826139471	9.372271443940685	30.8458727392363	17.156797020490675	33.22991434326013	15.081204120880605	17.185482461004774	28.75771032219212	28.637975598869996	31.62974582593888	33.25116125812958	24.91367631052317	8.094535320196062	12.25496323805137	36.49281445104417	0.0	22.405916114943775	15.893525640893108	28.467995513479742	7.155894681820909	20.969317035849347	24.442046117209777	10.12672372007318	21.698685789381415	25.608859642116897	23.573528590047253	16.16719442723392	31.804341579953388	28.232762887559023	15.250097131470952	21.367032073134446	8.282376027314353	4.8748309577063145	20.152158585710318	20.366006569070432	37.05452381468798	24.623899539729972	17.884333949331122	28.641636134614483	20.86771753600136	23.19295349493686	31.819450949644203	16.56255741737553	25.93000272622309	8.315637577562939	25.766579118224907	32.062422021746414	38.791716089569	11.063464571784879	26.29710492100365	31.191058623903317	16.18325170614488	34.63848634155514	16.221979083474746	27.718377528088162	27.887126835181927	19.76441951020861	26.714739490107647	8.000756234355775	13.927379255252063	14.320989811269422	11.743139463486909	17.691275655693186	14.253638219836018	18.7469357572932	23.858110036181728	18.09120653319598	29.737837360503278	21.266742267777737	15.019197202602182	19.09892006138977	18.12995636904711	24.143745545124965	18.543700576287748	1.3835679452494356	24.93226691825467	20.35290551860684	7.89792774028369	19.885892966967685	19.5628084637068	33.438418609571876	21.47403381871594	17.2914102680322	35.99944349550972	25.584407788254648	33.616924849906546	26.015656733049504	22.230046592894123	22.913949982472616	29.868224964346275	39.84712372302105	36.11344282383825	17.177682803384275	32.39048976492555	29.30073540052601	27.738473986332984	24.015779474527992
12.071319588246828	19.204122592420898	18.562914679162752	7.872863821933289	15.380666821110145	12.292991158291656	8.121200279056678	12.096344641087718	14.279991816907298	5.6662464480389065	16.419399897354047	8.865160221126233	14.387568637274885	22.416758129120026	26.82942958242487	15.633727252702101	11.016442180718206	14.167235996539267	22.405916114943775	0.0	8.56762443375956	10.504669101515661	19.496380421318136	8.432000099869315	2.1903332199566368	29.231908223269627	19.154648553418752	4.7562169234730876	2.663778461180707	15.898508369206109	11.910715871619908	6.574572114245399	13.150578018665732	15.813667881178823	15.983164360983118	27.277954015960933	4.490249878354772	28.80844762145093	15.892687773417233	6.16130136304803	13.885945630465834	6.879059902128572	9.224479829780293	3.22078041432744	10.120052738525368	8.486298225512392	14.587324637294373	17.481850478672197	14.370720025546417	17.580436358873175	23.235589995553596	11.422605554359619	29.55546607929573	12.338340358018257	25.769455285911295	17.766688181564422	26.941117878458947	8.843811690843557	8.699235667325038	8.112650792566182	17.878131706961234	16.87327112026794	12.730063209423578	9.840644616289797	34.09889589386297	14.23022338896694	10.24971344439061	16.06853167127114	30.147333256013074	14.974316958454013	7.87017009851377	1.404007552318168	7.605743926518227	5.64772089307877	8.99548361745683	27.032585886522142	9.93688278438611	21.32214794971049	4.059140317432227	13.325035595712004	19.593478464506195	15.859126414672863	7.242885915955827	28.36457857632025	14.695622134325305	31.272043212505046	27.13480676814905	5.836983496499932	18.344700281599522	4.715918623289634	13.445101075496051	19.474579435725595	10.874293072373016	19.42359034704828	15.87570092817914	8.450410405416063	15.422085952855875	9.93643404203705	18.40390819013466	11.353839111820074
10.77892655657855	12.55102490882961	26.611251029470935	16.298188243440283	7.330461624519129	14.986309479352743	10.05208058777544	17.481531937192745	5.960939085291137	6.826484134521025	14.455117804890573	12.783067282479845	15.970814754287671	20.03903475687514	28.555922454049515	8.048460390241548	8.469621359990493	21.41312914387002	15.893525640893108	8.56762443375956	0.0	12.61124358311846	15.563355382094977	5.332751399601439	9.975442702802722	21.126502140450402	12.446371343725042	13.151789538302632	8.528357816146597	7.820092056036711	20.336151985658447	12.882359056205482	13.589651019117923	19.01992817758887	8.173146409872341	20.561848512298532	4.7144850187098175	20.503670456223464	21.253752948192627	8.787911136151365	6.548005211057958	15.435911020017203	5.490338453683375	7.910684019397033	16.311075978848994	0.780214665322485	20.188047287285567	13.988725728880425	11.515451430205662	24.677345818814306	23.855386688053784	6.97616125659894	31.01196963949468	15.315280471483412	17.26501657044961	19.16676483362305	18.40701042258742	16.86083268063749	12.005161298313395	4.067278688152062	13.928698783042716	8.929688385843031	4.17440449326694	9.204419949240144	27.52493948717081	15.943308414266719	1.8257173165988614	17.968390084597395	22.202039687825348	7.595141536459011	14.416414415148477	8.133886506617463	6.124664892865255	3.456946299473417	11.718389542751057	19.586334742141823	3.7772272051693676	14.604301591380985	9.592732322914584	7.411518122119487	11.380113407372068	9.095403119062075	11.297324349297337	23.604869315560855	18.22877697160883	28.771099804344562	24.01752326004975	13.922327928496111	18.56295602923814	13.227326763928568	8.66570302038632	22.428063275498793	13.976705417985691	27.984404086131804	24.406633756552527	10.414014978857812	16.815715341751755	13.411615875091309	23.648220901027834	8.954700517324575
