0.0	18.69980658353042	9.77450897654498	24.422743260451053	17.563858709867237	8.564844041656675	28.614705349903794	28.271260657617713	6.249745138524805	4.591144064600384	18.513419506773065	26.6664388436128	7.462816138401228	3.7305271016035206	8.525836941919804	6.287469846376723	35.11039273799262	9.460010360294435	13.357122735891243	22.280810273258826	27.17367066765391	22.021160425381602	12.239772359943903	9.440342115512818	8.178770445173484	11.83260972092192	17.250557004440722	26.706648861491253	20.510875942299993	12.64263455292285	8.274538452653282	7.359764297678513	7.255371089011506	14.067441615264494	12.93721545476456	25.82808449745628	19.497809069011065	2.4492441651065686	40.128719683724896	4.878261309292174	12.656431429198536	15.129438451390623	13.40002836499055	17.919107636690676	11.502725039439861	12.721701507727422	29.372582736136913	14.623351428223282	15.99914576884815	46.60809856705778	14.040067949036832	12.982016320740945	5.711678879494197	23.773520015684802	8.460653269513417	15.140238426726672	11.494196111721331	5.05325431172448	44.72694328406786	5.301071271116709	22.78387440828921	13.32851776508992	10.617540578100213	21.588967316351322	28.173203608936802	10.854760458402133	17.464362752919556	8.437059581455138	34.490356076437436	10.682421602707656	19.125682475949908	18.613275903189702	19.42027015371733	29.834200466179073	17.601046241235665	17.028194782528114	21.426698798218467	16.902059894679898	7.132579820541441	10.292517265795997	14.929971470311125	16.639572238238493	25.747534334643984	13.23418769561139	19.371847338304963	24.991446865611152	16.018529153419482	18.097618026484344	9.873207660302722	3.4910651142642832	6.924250228129724	13.773786408259948	4.64121679253617	17.94885324611308	19.096144598735155	13.426325110115723	13.436511393186821	29.22209766961178	23.00853786400724	25.99668645233358
18.69980658353042	0.0	18.20024434872086	5.774784869791662	8.487547531629762	23.880116036266703	10.200068684779051	38.871466086621695	12.84665449620826	20.001561848597085	5.5067371260742055	9.231037446362052	11.596342564313353	15.394908754006526	20.97096109110642	12.873997568291204	20.09959985129461	13.429809617819537	11.460434482757094	4.1369253565034	9.408246908278592	13.434418942424513	16.92679284211494	21.185667830400273	18.496399672955842	11.921277868780424	15.755828867229834	8.367560210845156	2.912589653611001	16.69943060535757	19.77856990603447	13.827537344268954	13.198901589893753	4.691071666966888	6.290637542781502	20.03397783276359	25.615382650083543	17.94602471833105	21.430316960508584	13.962540975082746	22.154081151640018	17.52728943974081	7.740879863634395	1.6116629227477268	8.119168488487498	23.191157125142865	10.752604843652922	11.42776697283439	2.77562859627163	28.21344103127748	8.171476747233706	6.814411715667279	14.32588071550121	8.945686584643774	10.701880867531077	5.826544212066202	24.850805560495694	15.516118174923658	28.743765069085022	23.89993902673034	21.095898944826327	12.643789115827289	16.972088590718652	4.660766943760772	17.41838681635718	9.310543477227657	10.774431817694376	15.808863817684456	16.827634543521864	15.867968105658946	13.753843358677283	2.033025708683903	6.96095663007513	29.93601706404555	9.667705695858626	5.4567844456314845	9.957639516963225	12.438306793141061	12.742881761811782	17.931575487084544	10.770149171873312	2.6923448822048845	7.832322829932827	24.4111836417928	20.67830521657719	15.461176926784006	9.445382100856504	5.3951912046261565	10.506370131545719	18.9166653215567	21.705000426843238	10.138046977159929	23.324044969421735	1.4337616371839341	0.5256142930785305	11.831644225934308	5.340522824685381	10.522558270968664	12.760417956207323	15.004142319605467
9.77450897654498	18.20024434872086	0.0	22.9535506859999	12.697530330872297	18.28060163439412	26.18996168045483	21.457494648635553	11.479924066641425	14.332570719498545	15.158747415663505	23.34061375774287	11.851176697208805	7.726597811398503	3.597256070777851	7.893906569608326	29.129498184156397	16.206766166338646	18.974980088093695	22.3342141513514	24.081113422140813	15.011464652396867	3.0660883712728904	3.31902202725632	17.252439528462144	17.74672920242783	24.080780722045624	26.473395435615895	20.88947948736298	3.576533694801706	2.550235708803614	5.315274542103276	13.564281962144467	13.99523118661047	12.093350727865676	17.104333924401473	10.167865927667693	7.330904425705356	38.313909658836074	8.459770157736196	4.209759052732747	5.798393061022548	16.908916616778406	18.258165869921463	14.640445164504818	22.30714252101288	28.460081962844242	8.535588374311153	15.590366200334532	45.908895993230445	17.892169120972664	11.411485450585165	6.321895605047979	19.306414354506586	8.862386562816367	17.672709404073313	21.268657307122968	5.7626085330884	38.79627601451059	11.55643263214977	13.357647416750796	19.508718755759233	1.6342078706277463	22.47016963881649	20.89176164227497	14.871318839952368	11.369134704498949	16.449641472684593	30.572318402331714	2.631472057505762	11.618160054964942	19.15215716497456	15.272783999129656	20.059809919713068	12.090510764305591	19.421688422027792	15.940756786159806	22.512160547832835	6.923654583327112	0.6473110206428109	9.187135744752569	17.372986375589026	26.032567165188336	22.92466073077888	9.707163523996494	17.71058080324792	10.844065453430993	14.8499153265792	14.606175495218384	6.500583235824022	5.668506383811343	8.850838847206454	11.70527521024329	18.186849378447402	18.36716386088851	7.425782862337068	14.441659478506395	27.742093773969692	27.2961336522236	30.25017477675562
24.422743260451053	5.774784869791662	22.9535506859999	0.0	11.222889239917668	29.58714992743821	4.5553301964713055	42.677896407610476	18.62115716923731	25.76382256422471	8.092446977370624	4.949107031289714	17.371118527944603	21.033023510044163	26.01654728975619	18.46274490651544	16.24212823473923	18.961548840089282	16.47314217168477	3.8577844184792904	4.645794003784565	14.28386609221901	21.194063175916618	26.115718928874635	24.08687382978083	17.1973916148526	19.929261289646128	4.346709954726994	5.191898551452197	20.875675421798036	24.80337292429056	19.100914041867377	18.929182557474835	10.35679479850173	11.702415491803157	20.620465989518458	29.08979628475901	23.549234593953233	15.769258556120668	19.633674535556	26.635671441268144	21.16004068810331	13.106054596894062	6.920744487938016	13.816092460166601	28.54922144485046	5.528160908612408	15.148889727163267	8.42361689707494	22.967961138946354	13.307876468410994	11.992915498057942	19.80757378235483	7.589222822485498	16.249283506129636	11.03059312369996	30.41425266015995	20.98175269425189	23.98646983825732	29.579932265271314	22.9700308451939	17.618079248260358	21.55908176079633	5.751607255441185	16.24239288511142	14.962820581791098	13.45617524400155	21.378716087029762	11.522261471802556	20.44266141009188	15.88958697456606	6.580155532198722	8.715901412955862	31.432582583424306	12.31479714144502	9.954500745501024	10.573859053673907	16.558350619235487	18.18824738765123	22.591735452117636	14.43166247903356	8.240787302664296	4.986640429094953	29.79085970393206	23.504463632181917	15.304558861562802	12.803353811780072	8.300316798177231	16.171999212910947	24.438515070265424	26.99267218235063	14.262494595033441	29.030159598306415	6.822068299551456	5.340546766824265	15.900894699238513	11.115187729644918	4.879274975756354	14.612506284416346	15.927445304032323
17.563858709867237	8.487547531629762	12.697530330872297	11.222889239917668	0.0	25.017180646996252	13.721071643200466	31.463404457976463	13.740002754254949	20.636494659172822	3.231588818590145	10.683842478239745	12.86963784667112	13.836162006303809	16.148214503357412	11.388699259644035	17.548857947595348	16.833174435858744	16.82541123703061	12.081047369211078	11.460337429362696	5.745911225497764	10.391851164875114	16.01146585322003	20.9470538362163	16.533111219403217	22.059584703165143	15.348378400785775	11.334302438764189	10.000054817876702	14.95463950122281	10.503781793848063	15.240118096505912	7.465416439156919	6.52061834996893	12.00419343826622	17.86803103129516	15.817071791413065	25.82136837354222	12.911955334030708	15.879198318987997	9.970789591088064	13.009357100354494	9.56338377875464	11.766429603884967	26.340347933492243	16.67300854934392	4.218146029534649	7.343419382339984	33.72845580012401	13.911849888820885	5.743770640609735	11.918232036146685	6.654625578220292	9.489433319630919	12.090857863146251	26.969204526473813	12.84592481825772	27.190324638618332	21.91447736950311	12.608793533638984	17.916189651164192	11.127110613516107	13.082401100854312	11.335690089143323	12.914613605781495	2.32815404927803	18.67795818575419	17.913868871536295	10.066627222187224	5.271472522493026	10.347400393594263	2.657977826381771	21.458606239423187	1.186002079313479	12.848912503771905	3.87341248660146	19.116179502369867	10.431288238624028	12.208784598794313	3.526984384034937	9.603250580851599	15.412918855554308	27.402576129644384	12.42598297195021	8.495407022604299	1.853903294601151	3.1772376516611116	13.708516984334063	16.185267530352046	17.683957894427152	4.045517048150808	21.629092714894348	9.39525769880391	8.316431458034117	5.271943159848496	8.984218773831035	15.65216949895291	20.972189263414503	23.400264890009804
8.564844041656675	23.880116036266703	18.28060163439412	29.58714992743821	25.017180646996252	0.0	34.0769933251158	34.64834803698465	11.486964707997704	4.409661565821197	25.25615909630966	32.77303325916041	12.599599602715463	11.737896187637086	16.489224699171142	13.773001321380995	42.30608146204036	10.918118645498229	14.553846717783264	26.644847831032905	33.11852328288094	29.992305120258443	20.80451383162435	17.433477028801768	5.936268037604948	13.233028403246863	15.77051821526579	30.846316367996632	24.862700170154962	21.20486042672212	16.519807498396986	15.600605409673317	10.688293973930078	19.79001205277722	19.314747847912937	34.24701736596118	27.643127725157626	11.004239843410188	44.65555465776131	12.248743281920088	20.735113412007667	23.69287891893439	16.739617077893396	22.67432180960374	15.772912187951702	6.034712261504019	33.79445133259721	22.677558925965087	21.545681949741336	50.09845995866836	16.880789979961946	19.694144156168683	13.851248895051654	30.638414585490608	15.527985103871117	18.8348647641992	3.313463121609349	13.46171041312912	51.722396815553125	8.856819804429419	31.342981836050885	13.832813334229613	19.181136138476308	25.437301795879442	36.092311639471085	14.633409973651728	25.33856430047171	8.522805387791625	40.579988851161495	19.231356468156957	27.330985470628306	23.12353282863211	26.43595524887689	38.30908579539507	25.27869311622739	20.422769799302458	28.86646287092564	17.12330719383031	14.94100045232398	18.822708491174666	22.87181658487821	21.348460511888973	29.592742227640944	5.85566910042695	27.92783381165203	32.976624349197486	23.7039187992155	24.833326783821807	13.421479562532737	11.810070582133722	14.382117337533645	21.59124590858634	8.078567674245638	22.766605603852888	24.364778418160935	21.549798860707835	18.65053434843431	34.04076060946496	23.65411391609794	26.32749716009732
28.614705349903794	10.200068684779051	26.18996168045483	4.5553301964713055	13.721071643200466	34.0769933251158	0.0	44.85442902004753	22.980357368262357	30.186851374998504	11.034840528512994	3.507145120496627	21.74417567190581	25.114895953887633	29.455241924001943	22.5083214774934	12.89581320202808	23.506196315001517	21.00897333233316	8.175904561500296	2.608604873445103	15.13153805033532	24.09037015719842	29.450746972034555	28.623574764035983	21.751674124912793	24.275229203609687	6.163121951636374	9.695137860183651	23.712464909587656	28.239325270875657	22.83992057568453	23.398787291075863	14.59366333404396	15.71823679280338	20.770714485186694	31.177039702350235	27.57074070949866	12.128475684226736	23.768208255099292	29.582711588936373	23.581841865988636	17.659504385577236	11.448994432878372	18.30686071230337	33.10354946858804	4.677921798721969	17.91205891112144	12.695608567579779	20.067137503910775	17.860034693141653	15.847148612330535	23.727823690604694	8.058954877349848	20.27891493085843	15.58590345150144	34.958353115257246	24.872933431259487	19.765267545572993	33.680993183208564	23.99965001602758	22.146227131132267	24.692163634920128	9.974870385040651	15.276809400187192	19.474704613600295	15.671279842527147	25.918472005082524	7.08206093707275	23.59371906247485	17.518712675936843	11.135143318073364	11.063305863803087	31.905460340940046	14.626729247232353	14.476097050276076	11.787090260349263	20.925703914891262	22.094389406166133	25.76001752247016	17.20214592347886	12.757101622228001	7.585584754975886	34.34573817721377	25.237950288245518	15.266458111482683	15.50959038126819	11.35928684092966	20.67989036876243	28.35853844756163	30.64788164154261	17.341450192911704	33.17688488444731	11.340790461688263	9.725112155504855	18.85441957021968	15.501062829306168	2.964236844994481	18.262505248289877	19.072688065481152
28.271260657617713	38.871466086621695	21.457494648635553	42.677896407610476	31.463404457976463	34.64834803698465	44.85442902004753	0.0	32.40923003850123	32.33418013339186	34.59842339505925	41.487124931600576	33.024542766643	28.203081314539904	20.265404939317776	29.164176540192475	42.651960544545716	36.951164334492304	40.17753846021956	42.95129266570319	42.36076638615403	30.199733213368795	21.994569832205364	19.541772406689095	36.41600834314968	38.836664823674305	44.983775306623095	46.696699665214744	41.72614779096802	22.185489460831676	21.06604847510534	26.744333878072425	34.3326388150315	35.14471435727242	33.20702644117772	26.969320144982422	13.677469066060073	26.48839150635185	56.61768148594236	29.36095245185816	17.248115411344436	21.52615952162863	38.359478995885716	39.23680479591018	36.08682233811824	40.27764684898082	48.1336251870081	27.613970817806436	36.51440081979269	64.89461623252191	39.334277266071275	32.38977770766908	27.456112342685838	36.90645620004529	30.319236787047064	39.10271797712566	37.95354253639778	26.56644459262478	51.07872272590031	25.795740229113218	22.08234950732829	40.56585775509908	22.25969855350316	43.40849823860935	33.53098676350249	36.2493031935378	29.29553104977782	36.54701074463849	47.14057117542577	23.28349317917116	27.375875297394913	40.1428341828663	34.04401735999695	18.95538823023578	30.408659021373314	40.81006100921824	33.11996718389353	43.78303844082722	28.33366641284559	21.495664033355112	28.319205830097655	38.516143755181076	46.551027481889534	40.41514910927777	19.74900053724072	31.37907911389697	29.895296099575482	34.42500338947514	35.863266132681574	25.06322391691235	21.364502952763562	28.752580437751124	26.60500634809983	39.136827171721976	38.923638346574016	27.05640442911872	35.78067229386741	47.05291471326457	48.7535333540898	51.70586805727049
6.249745138524805	12.84665449620826	11.479924066641425	18.62115716923731	13.740002754254949	11.486964707997704	22.980357368262357	32.40923003850123	0.0	7.288478089213269	13.770951223878823	21.404826562034753	1.2620204344044499	4.261754566519751	12.172034785224746	3.767808105546898	30.837788154253595	4.732626963999573	7.82047931249738	16.190758929584202	21.806227318309013	19.05849371046148	12.64895088713349	12.867540503241344	7.3072858649517105	6.43104024952621	12.645124284300417	20.596021404176543	14.401682703311163	12.849138288231925	11.347530462275127	6.4911520620101495	2.121121985050279	8.43580021093103	7.827892351874731	24.11261992353939	21.585257332281714	6.5235872094260206	34.17647724382566	3.0649311132055432	15.458331673718746	15.140970839443181	7.174440455180425	11.89231491948298	5.262391592595037	12.778827596094066	23.345997600033485	12.115739021838866	10.291376320984414	40.443414057691136	7.87530040690617	8.23376630323854	5.158993078503477	19.1528796406704	4.4781654570501255	8.89242182525376	13.23227510338997	5.869073928214891	40.23544031816585	11.543227776381634	22.231270509476424	8.157238006772577	11.426987838565294	15.394016735724357	25.014168189751732	4.631212588027487	14.407429754366111	5.46548633606557	29.245242221829752	10.870194120429788	16.835193592547554	12.523264481056781	14.978335939269614	30.36547067732386	14.15485150992182	10.778467770821889	17.528078705973613	11.45529946595838	5.038294137665682	11.707267802543969	12.12633803814273	10.579256302481909	19.576289372101918	13.765616108248208	19.575683479650166	22.008306275219397	12.632103750365777	13.348417291084088	3.76121371811017	7.911948060684457	11.600085538590994	10.751486644856987	10.83855383239386	11.943340280140966	13.288230282950513	11.190703905081342	7.506162643413329	23.31840708724573	17.121564356041887	20.134550767056787
4.591144064600384	20.001561848597085	14.332570719498545	25.76382256422471	20.636494659172822	4.409661565821197	30.186851374998504	32.33418013339186	7.288478089213269	0.0	20.989662824979572	28.690718967707753	8.477647735224247	7.381509877770101	13.040801524579434	9.363483544397734	37.99119405370372	7.940859351689333	11.944957611340635	23.061117662689025	29.082029734178743	25.582645485441564	16.668488119227074	13.969841750885758	4.3952204329607	10.458851095356877	14.585353715569997	27.380364383291198	21.263063072425126	17.042050407358452	12.855202462130277	11.244282750618362	6.90841416804782	15.70972100264549	15.079061320926906	29.901010396183903	24.079786887451878	7.007077882120012	41.1219854768448	7.839189619027649	17.218597446353403	19.531078281714514	13.33347472030885	18.912674135101994	12.015656109021634	8.178832202867117	30.24824313494542	18.273042031319424	17.53467273036041	46.975968549792846	13.668575975576822	15.398877678174971	9.488155756257308	26.367418517438637	11.149491706796379	15.360295544071548	6.988177965637669	9.185530526361392	47.45810596076606	7.183583693613167	27.143689912407083	11.516927068690617	15.080549120252739	22.02325277561093	31.68405943301548	10.992508487632044	20.929320611362538	5.938191335528912	36.52787700096496	15.033129538131927	22.937003298722225	19.447820371823187	22.12288631728581	34.38553090252668	20.878049771788092	17.09442762666792	24.494321960661903	15.085529805032799	10.535294513260848	14.829805882422429	18.46261453146635	17.581983736909386	26.224118656429216	8.645677865069617	23.845993943734076	28.566963993190708	19.301131614769243	20.5661681267916	9.799865746089196	8.062612364431866	11.225792547998836	17.18195207864764	6.275972319787691	18.986352228569363	20.464965751237116	17.152614622356438	14.686750514605945	30.35862582754456	21.566196625497902	24.431663341728314
18.513419506773065	5.5067371260742055	15.158747415663505	8.092446977370624	3.231588818590145	25.25615909630966	11.034840528512994	34.59842339505925	13.770951223878823	20.989662824979572	0.0	8.382378135150335	12.705440961299706	14.82656182041054	18.43111058164617	12.227766867387173	17.08994550097623	16.03361453303544	15.279256931717697	8.877174462877523	9.0376996717077	7.966851389154213	13.174694701217325	18.41597493741408	20.617302683515952	15.265303484078439	20.23360493564193	12.140542015024783	8.244478303615415	12.832752974514142	17.216423257427405	12.040631581094702	14.899271389374976	6.010175812330442	5.951508752099143	14.545634975682363	21.04815119543501	17.09494529598354	23.155337290245775	13.661511828532047	18.65216211029547	13.073924831543934	11.353193737421034	6.7969887693870445	10.621431297194043	25.82788220818123	13.596489903911456	7.066575691685363	5.119248296141884	30.848203291338624	12.126335111236079	5.604943912700241	13.157688613351755	5.382269383430826	10.071270059067444	10.028992181345123	26.861187516067055	14.230835164631642	26.471052627904356	23.26719379852013	15.702484596179664	16.43347272589706	13.677690998165001	9.973925677773115	12.529807487207414	11.864781850514477	5.552670931088566	18.135782919831605	16.067310508682134	12.572881480495973	8.365336302859696	7.482168507304366	1.583358872695196	24.49658324963121	4.398674083605619	10.41401511903526	4.7125588736719575	17.096537054621365	11.547390182553999	14.739204432698628	6.348004967001121	7.141151100446568	12.181409909883762	26.96379412317775	15.657462466053225	10.204529094967745	4.711029146813594	0.42350708942900156	12.854775189437937	17.700921341428593	19.7062713422928	6.319378628418837	22.87075796085914	6.614984137204724	5.254050845206841	7.887169303391179	7.524612957637532	12.68853371892006	18.225880830904543	20.510877780640048
26.6664388436128	9.231037446362052	23.34061375774287	4.949107031289714	10.683842478239745	32.77303325916041	3.507145120496627	41.487124931600576	21.404826562034753	28.690718967707753	8.382378135150335	0.0	20.21876204307985	23.04460319057686	26.71665104076228	20.42615536524054	11.333364403269213	22.60535327034397	20.638852156826587	8.72576795340289	0.9000282399225128	11.634526121770527	21.066948778265637	26.639982722666943	27.60419894351559	21.151459385597075	24.540176011771432	8.450953278933394	9.76809314700888	20.66286986460018	25.508014480463817	20.417517316906014	22.114666652001738	12.990412073472427	13.756739700417487	17.29811935608622	27.81368843040175	25.3961158216139	15.230235181552022	21.788185198377647	26.544650989539793	20.356804117246153	16.97174657945403	10.742533209551592	17.186969956209722	32.408759799956194	7.87477993727454	14.901640473757338	11.242990786007088	23.40817928841077	17.367631056269513	13.695271175053048	21.47856248979888	4.597454188670647	18.215164483512773	15.02264453031881	33.96163755890926	22.577210964320237	19.531877985080122	31.56144269211238	20.497733846492693	21.815362065302768	21.793290339037856	10.624876773780592	12.028561264383864	18.421601428487772	12.464445102519614	24.947391527183115	7.84814312851801	20.716970104533164	14.116210420606487	10.708182366990998	8.068885186143687	28.416378680708476	11.480789995678132	14.30571750792823	8.37025094675665	21.16350792511951	19.85336150561151	22.872307478511402	14.209102722525145	11.923311091724658	9.55739743121031	33.62230250752888	21.815349463977242	11.79757535500636	12.52257654768322	8.761849760023859	19.58669833007126	26.05792428280467	28.071342521879032	14.518996375661706	31.124925846846207	10.592220512588813	8.707311484454818	15.928157650263051	14.152409301416165	6.283430842096703	19.5607223757491	20.83059605942751
7.462816138401228	11.596342564313353	11.851176697208805	17.371118527944603	12.86963784667112	12.599599602715463	21.74417567190581	33.024542766643	1.2620204344044499	8.477647735224247	12.705440961299706	20.21876204307985	0.0	5.1192009290780405	12.872832739697767	3.961130801656916	29.792784989098035	4.664930551293787	7.159995053577049	14.929810925499229	20.604425544047363	18.311536984464507	12.725161858092335	13.512922918298576	8.077510094426053	5.895641889131606	12.248128487922388	19.33682936524425	13.141519561092533	12.877717993044891	11.972131758267023	6.654145316460005	2.4204526133030897	7.232586596086423	6.75460536730285	23.577953101932764	21.840259242373232	7.540133662027354	32.91506648315821	3.7349689013109546	15.93502271655226	15.07209165333555	6.0479444057802505	10.630713208123336	4.041951245196045	13.494163334185021	22.083991195280504	11.573210351207974	9.065148130136581	39.192151591774724	6.8141447867917275	7.245621155348147	5.585977527790869	18.07986923270417	3.990713603139346	7.684922113886374	14.18518050664772	6.472901514194205	39.14234593795109	12.76315264028235	21.946961165147012	7.6582967543356055	11.625615836081222	14.147213006151398	24.189689172109613	3.5351137173731493	13.695354072227804	5.931647839330918	28.052004841188406	10.964238180171074	16.25265953802182	11.261831362796942	13.964085145016245	30.243176149383714	13.36133923964461	9.581347557220745	16.60355557966164	10.758925469226774	5.084147471621276	12.01475561587428	11.515635240512701	9.317252833224961	18.32460428414056	14.536838084126408	19.47408784372042	21.234837182753523	11.87713499311419	12.284974349800683	2.859465299775876	8.88006967645097	12.488151435017546	10.126343788846652	12.072922680737245	10.682423786983039	12.042129141076803	10.737510754294195	6.256468486310378	22.059635026563786	16.181266764605134	19.19552850344656
3.7305271016035206	15.394908754006526	7.726597811398503	21.033023510044163	13.836162006303809	11.737896187637086	25.114895953887633	28.203081314539904	4.261754566519751	7.381509877770101	14.82656182041054	23.04460319057686	5.1192009290780405	0.0	7.941008237535387	2.6193218240282725	31.380976690567145	8.762816911797678	12.081564935790889	19.166904030342966	23.579571620016697	18.397800589363687	9.549782791277586	8.675144830781404	9.602563572770896	10.676114135149787	16.78636211312829	23.590763372134226	17.440668960632397	9.868650184171962	7.187027328678287	3.8645705697921127	6.1308925116778035	10.70800367553022	9.396659988181675	22.52051360386093	17.88591168109319	2.585440826613854	36.79266418821664	1.4981947174948589	11.445127006573667	12.331189614258902	11.102323493389152	14.77786554346446	8.948783823672272	14.844400379222545	26.139301027414863	11.016751766407301	12.640899823931324	43.5228344075247	11.916053232553391	9.350493689838757	2.113679760979924	20.058065274849163	4.843486877640689	12.545559651512653	14.31122640791616	1.9938674833153958	40.996575301185416	8.566310146503579	19.857605263978034	12.381169797075119	8.072805856884981	18.669185024948536	24.540831876443438	8.6372132225709	13.800053037039081	8.740548096853956	30.84669220246084	7.826820408462659	15.614709337041447	15.538758387163504	15.700558959122265	27.436877231921052	13.895105185831767	14.452009133063594	17.701662620643095	15.716832354711228	3.4063928548177795	8.08239740973658	11.279113415475756	13.557603265182717	22.741864512207368	15.588493527897198	16.731964389601956	21.37778671952122	12.310207503537876	14.413866980183288	7.945567415272041	3.798895414140245	7.371568813473065	10.083458420298617	8.083680834579738	14.784664763765345	15.755237584264465	9.852244715917077	10.297832900442982	25.879012905821384	21.29907994411684	24.313537626738093
8.525836941919804	20.97096109110642	3.597256070777851	26.01654728975619	16.148214503357412	16.489224699171142	29.455241924001943	20.265404939317776	12.172034785224746	13.040801524579434	18.43111058164617	26.71665104076228	12.872832739697767	7.941008237535387	0.0	9.190981091368185	32.72674535031156	16.68659801714594	19.979154945679877	25.064056735994512	27.43042517598112	18.603633783699735	6.5829630703505675	0.9442534552664585	16.628309325872788	18.602455107946255	24.718497439568814	29.326241995092936	23.515036984749997	7.096367259952105	1.2166548654034197	7.251536463808456	14.067984576365104	16.51492128669948	14.708385312328636	20.399589780034248	11.154120816981761	6.382384510784327	41.55091174371973	9.154876889761479	4.246539782682763	9.07231803103278	18.54591351726146	20.83023975934307	16.282801021364143	21.21669764091534	31.47437918083728	12.048702206166677	18.260820414774994	48.97889798449576	19.458865527017146	14.168570216420749	7.438228091559559	22.79001077455934	10.794971030254626	19.63375753122581	19.67521029020131	6.412153702090287	42.39278733291606	8.72725794497648	16.302998028189833	20.31814418721778	5.229294302909435	25.00335863367197	24.44900040936264	16.248813023997645	14.929333659237127	16.39735953905412	34.05784890430039	6.157930296135011	15.200565750131847	21.698418898190134	18.670559203726434	22.091678166948785	15.606893988718381	21.478538151333332	19.493092518419555	23.606023296732303	8.64887756259312	4.206447354009475	12.674166351432172	19.818806413807366	28.763890759781066	21.65772804912855	12.433485678639839	21.27964913466021	14.297023028952546	18.09698085833044	15.731752052968696	5.056317831650224	2.399480252876714	12.199476037493955	9.076792537501174	20.781860144104176	21.194042286404084	10.892487899878324	16.69650434189017	30.85820791618911	28.931599783810206	31.933229701935012
6.287469846376723	12.873997568291204	7.893906569608326	18.46274490651544	11.388699259644035	13.773001321380995	22.5083214774934	29.164176540192475	3.767808105546898	9.363483544397734	12.227766867387173	20.42615536524054	3.961130801656916	2.6193218240282725	9.190981091368185	0.0	28.89826351352873	8.45932993512808	11.087103135084456	16.73029731941266	20.960316511822853	16.220024456505854	8.882330790838598	9.743370465575955	10.661710027566908	9.855756248707932	16.20656863074909	21.138830420964535	15.036756813899775	9.082019507480291	8.193392260922058	2.7319940402622813	5.886955750796401	8.183798347268139	6.79304289752734	20.786451756052486	17.89539303420627	5.08654160982964	34.23019911684405	1.5325465632482353	12.00594710849716	11.391650897053708	9.354948969760807	12.349621228477455	7.094392524991983	16.108439862848098	23.626601915566763	8.948320886852226	10.105294399181384	41.05876941552892	10.27285567232916	6.731441306322767	1.7528587443389108	17.491230679171228	2.2295277456954925	10.521876749623246	16.053164465868065	2.864588415522576	38.482511881016315	11.175286148304165	18.598031089584453	11.619003770459932	7.695632542443582	16.34623849986601	22.322539775457155	7.098230249154777	11.566079890650519	9.156460426455563	28.23188356915812	7.104511158252483	13.65533892295312	13.144622892367677	13.1439215603021	26.62243673367117	11.545688155229847	12.401781047724045	15.262105755869726	14.64853003778922	1.3156975753243083	8.054425426748594	9.105482415131483	11.176014693889014	20.35039396681752	16.98928051716508	15.832301237565561	19.2040443663722	9.962293757377308	11.81290693618331	6.726091561887919	6.064524334632396	9.218287502077251	7.818694169004365	10.702919301688492	12.342972231034766	13.215760464839478	7.879925033583712	7.9220414877686505	23.321119526179697	19.747255756470175	22.745433452735845
35.11039273799262	20.09959985129461	29.129498184156397	16.24212823473923	17.548857947595348	42.30608146204036	12.89581320202808	42.651960544545716	30.837788154253595	37.99119405370372	17.08994550097623	11.333364403269213	29.792784989098035	31.380976690567145	32.72674535031156	28.89826351352873	0.0	32.95358611278031	31.528555754869704	20.056403662049966	11.612412275271124	14.176608697147637	26.23076790151092	32.34858363763454	37.68175197868896	31.84287529317583	35.74781926072277	19.046592279971108	21.060029393079283	25.730207765091876	31.629485076976945	27.996978235136435	31.98019204856137	22.916731161286254	23.038319724351144	15.689132718701373	29.796011128421224	33.33928610824155	18.04012381640973	30.406752841145483	31.129452775371174	24.3537582265948	27.69625765457419	21.69512504218505	27.468573250389092	42.80655526245366	17.26610117498992	20.983025807692982	21.51301224624175	26.43190529854142	28.236263084784795	22.6123470632764	29.462267759164085	11.740230877338066	26.89068661407903	25.905124252380023	43.948436226289395	30.359487340417378	9.699360097082652	39.37907953456625	20.62717751433546	32.713986475174465	27.498383490721647	21.95657744993239	9.175171934136797	28.729399914050823	18.0040864883359	35.15064369346461	7.919403167751872	26.629650655785834	17.620221467693504	21.814078448037378	15.871045557638553	25.778958244871255	17.618897719176008	25.4361409587042	13.70261087355519	32.38207416282032	27.978283346459566	28.52851669987071	20.495339797831353	22.730351769910705	20.41102201463082	43.970179133147845	23.658516966490343	11.85110130568625	19.169239991504597	17.509138533869034	29.802209618453862	33.616073445055946	34.62384151942057	21.455216145067116	39.137005094814086	21.52574684283143	19.580375394533025	22.223664586222533	24.324219785506283	15.564437143105463	30.827072967869984	31.89247750512832
9.460010360294435	13.429809617819537	16.206766166338646	18.961548840089282	16.833174435858744	10.918118645498229	23.506196315001517	36.951164334492304	4.732626963999573	7.940859351689333	16.03361453303544	22.60535327034397	4.664930551293787	8.762816911797678	16.68659801714594	8.45932993512808	32.95358611278031	0.0	4.047160277385357	15.811612138347966	22.831750934861233	22.47103935060464	17.327682404073986	17.43714248323413	5.147562588678796	2.5291388814657068	8.033869899598598	19.94688036516817	14.052310117854777	17.502595317553403	15.947352334535823	11.191289604378614	2.65104934036918	10.05794549847532	10.350903086210332	28.029352218775877	26.317567287039683	10.603675284810272	33.760793328163174	7.7583428534129535	20.14338759926715	19.728668787545107	5.894455709752015	12.063211209666205	5.488092433020367	9.859541843579793	22.91738236704436	16.074381945974057	11.481470197781938	39.229997908345865	5.963569438205394	11.090333170160074	9.889185953310054	21.242359840541013	8.623431626907962	8.000443778566499	11.452727785398213	10.538944978518714	41.9987450473011	14.289280607762148	26.58513439338099	3.8696345917192576	16.14781964463185	14.534145923350076	28.138114379578802	4.2278889263074095	17.96175177995895	2.435501068437638	30.25650656596526	15.55471610553539	20.678334324916005	12.399712512588254	17.466978053526066	34.908055842994244	17.485530586619248	9.512934124103332	20.356450407803933	7.462177552792209	9.677751180705938	16.43982409493066	15.946402880550513	10.77558060525504	18.676875156707247	11.044895680667153	24.13696964841214	25.318959622022064	16.09662180649284	15.63607391343952	3.1798609546523005	12.049932544220578	15.820258655914346	14.557357460497991	13.442104140451413	12.18017291425015	13.94268966117701	15.315311971928967	8.629908170848994	23.241890548387364	13.759258753145254	16.69521272678722
13.357122735891243	11.460434482757094	18.974980088093695	16.47314217168477	16.82541123703061	14.553846717783264	21.00897333233316	40.17753846021956	7.82047931249738	11.944957611340635	15.279256931717697	20.638852156826587	7.159995053577049	12.081564935790889	19.979154945679877	11.087103135084456	31.528555754869704	4.047160277385357	0.0	12.957421995466442	20.722252561920122	22.570756170483847	19.5772231293634	20.649452195394176	8.619572567682177	1.5351456629126208	5.4397127535521745	16.771935158960567	11.321152707199834	19.660833504923268	19.11521446469189	13.703905412314981	6.153327254320697	9.410657199244001	10.433401690006919	28.627376786562564	28.838204073036277	14.223916071542366	30.52076258489654	10.828280702254265	23.08808166062235	21.653118660463743	3.9290482318226085	9.902408684746556	5.2186692603623115	12.206153683624638	19.807518590644847	17.079070727551695	10.23635814622602	35.57763693827042	3.292883809399557	11.361578259153479	12.745106275734289	20.068822388364488	10.474240162750608	5.63396726743595	14.50929536253726	13.612544108872203	40.17072138904828	18.30660540115046	27.89236498785712	1.185436189451969	18.62985490629245	11.424027292049646	27.778982338573083	4.376365818209448	18.39127748136248	6.123999593832782	27.97821615476831	17.86696934226715	21.35113025330671	9.972138058102146	16.83266892966674	36.52825959085504	17.69104010444531	6.541226399809498	19.912628581692758	3.6360709990049602	12.095757363840438	19.10223904686549	16.78667706223655	8.8001605158466	15.388376057272573	13.46420450295849	25.91780336934006	25.22670897686128	16.522732014572902	14.932161418068219	4.372146768666189	15.65104479476293	19.38609077878432	15.462164680628975	17.46902546641044	10.059157070443053	11.985109207870888	16.57568799587523	7.86689810455507	20.34362391818642	9.719692298832472	12.67294058620577
22.280810273258826	4.1369253565034	22.3342141513514	3.8577844184792904	12.081047369211078	26.644847831032905	8.175904561500296	42.95129266570319	16.190758929584202	23.061117662689025	8.877174462877523	8.72576795340289	14.929810925499229	19.166904030342966	25.064056735994512	16.73029731941266	20.056403662049966	15.811612138347966	12.957421995466442	0.0	8.493697171351563	16.322040539454008	21.040901564299748	25.29942283976116	20.95806749371386	13.833431322274787	16.118754685550442	4.429403873173151	1.7988115009104009	20.801721674542772	23.878313238303576	17.878467129833922	16.153441353121337	8.61586624194334	10.356698992362695	22.889829493329028	29.611545975412664	21.745540145016935	18.06111027204546	17.696116156803093	26.289425295843284	21.531617643838054	9.922321991834995	4.38903966365518	11.060995610581204	25.141431030726903	7.187525494040704	15.409411984729095	6.80389712537215	24.359342910335368	9.942074061072812	10.935609009561144	18.264365892828653	10.438779130627383	14.622166405144213	7.817653600724805	27.207104008121515	19.457959136372846	27.81629543433039	27.551181566737178	24.54611131158489	14.065140561925752	21.108383393875016	1.9009294480642913	19.267935323446363	12.077389571426618	14.409103959199085	18.247110188823555	15.248719854604051	20.00343182646212	17.229502061949614	3.670633070677654	10.039662440486715	33.27786316218075	13.261998730094904	6.429075420045448	12.622182685441233	12.758900436761609	16.71794825297239	22.068356185135826	14.72836725557388	5.641579469555978	3.7030514200099085	26.394778799236697	24.474540813100006	17.866450816523578	13.29135628787259	8.90458208406599	13.282456799961519	22.79481987573602	25.718968589577962	14.19886470242599	26.9219593004802	4.387630863411649	4.029937642641097	15.895125163418957	8.877632621241217	7.437494202007869	10.918811430575865	12.524295632502046
27.17367066765391	9.408246908278592	24.081113422140813	4.645794003784565	11.460337429362696	33.11852328288094	2.608604873445103	42.36076638615403	21.806227318309013	29.082029734178743	9.0376996717077	0.9000282399225128	20.604425544047363	23.579571620016697	27.43042517598112	20.960316511822853	11.612412275271124	22.831750934861233	20.722252561920122	8.493697171351563	0.0	12.53397814568394	21.851447503561097	27.372419156731087	27.86998141769255	21.296043905910714	24.468932843073222	7.809358710167296	9.672798939197206	21.45395308627508	26.219151331495603	21.04237423300585	22.440585639029003	13.372697228415495	14.241008625978106	18.18046526057755	28.68548613313721	25.961370415213338	14.397981482023171	22.29742155987559	27.335514351655085	21.193041886839993	17.12628548771639	10.864405847580208	17.456540668164173	32.59620337036505	7.043090043182567	15.677444596520148	11.573103698026223	22.534026479063513	17.47244725638042	14.231844827740709	22.058804225582527	5.487284020270747	18.740180602138867	15.13589040811007	34.22866367592181	23.171199807538763	19.487433878758907	32.117623055738505	21.397723108465737	21.891594644770546	22.545692531061217	10.392465691662185	12.830494227415706	18.677463589440855	13.290981069974517	25.196540469942295	7.462391870080378	21.462751647604183	14.995123134876003	10.754893106526897	8.825258465813127	29.305647637014175	12.289331558114146	14.312263079824925	9.250485221427114	21.09153859822629	20.42896806291459	23.622517135394954	14.979288319625871	12.089494707989495	8.997573626046899	33.81837939192966	22.700250242465795	12.677809166668508	13.288497245614057	9.403035541028665	19.856466013774714	26.65688285318839	28.74386566517519	15.242899784640215	31.663234376994367	10.724012277071495	8.891332903042153	16.68240833202626	14.471048398830678	5.421694278527591	19.2159959056833	20.37464955993883
