0.0	17.12548780520865	30.51487879616371	16.912351625185398	24.043832478096235	17.532298790354083	15.911432242883672	2.2122119081905507	53.92204982270462	30.50793676392372	15.497458941137417	6.330821814454484	4.231392072933348	16.61255623268801	37.72375384293041	31.196074489237485	21.39736354069876	19.0570453922975	13.310615780543387	8.258548934611875	17.337428306749143	25.612402740031527	15.908406547808207	20.34063172623407	20.503294833848194	0.7557795509828731	21.832617103976975	14.476998980463176	19.532425060620174	14.992609336359122	18.029346961019485	39.209944556183586	14.571589760733387	15.466039102396307	27.859800444925884	25.90987114947995	13.447088004539081	19.896833095357998	18.31679552979511	8.772938003295119	25.916245122243165	47.12077163867841	29.742195759297726	17.47391915557096	23.96191767096059	13.271832971043649	22.555525787862777	16.98595827028976	15.593306925098126	17.82413524811771	8.720808715097926	25.548648387241393	22.458263512940825	12.603917913644556	23.629402071845607	30.181620990762756	21.572173533824568	23.147519050765787	16.08413053653785	9.740355981566335	21.165891624092993	33.85846146255241	24.906438399947028	17.687837575316127	15.166570341412978	8.393456369673583	23.22033639795812	21.42516947983929	29.695355837493867	13.192403796844422	13.138040380930356	8.96549182520668	30.12432035460158	12.054770283802064	13.508053860681748	25.794346282793747	24.415210742112205	13.106803950173559	17.92163348119941	22.496067844821532	8.741831800854106	23.729577700025484	14.472125484915173	19.71823962742104	17.941101536426213	23.362933615782367	13.365027647125201	16.970765171668734	4.100282047855275	7.8257191127256105	12.262261029531588	5.2227210326819975	10.78166292752342	17.332572204135204	22.082206014326232	6.050835326613499	15.893239270099388	34.735415754915294	20.857776242212932	20.212039103958983
17.12548780520865	0.0	23.694221814032442	11.776906433324402	15.729560227735368	3.498471381145649	19.158355383710727	15.417926183339183	41.52081994887386	22.586114620888804	12.699723199107764	17.393212218300466	15.15190337793827	0.5557467490856097	36.04517599520868	20.60612250685053	28.14809585994818	7.694577409278434	18.006141683987334	20.463338250419238	2.5984981895825974	12.64370286730049	19.54747756398087	24.54879953665405	10.120089265983935	17.5372238813532	21.72210202979905	6.222733252265681	21.167038603775595	3.9388053430236547	7.858193040122925	33.156190060507384	16.549957577019935	12.357288581884303	12.307537422201811	15.496362664843408	14.412804746281829	2.796487552992868	11.817459161614297	20.501712155060485	13.228016433697292	30.04865590281108	18.35499015826905	1.2859559832546819	9.353234663656247	4.386279618799457	11.585008473898691	15.622687927993374	9.122865671071942	17.00183668046573	24.390592966631193	8.714486778805817	6.119123325118681	15.84765197331773	34.477713651998506	21.53823756742958	20.601386963958355	19.012837226646372	1.3543202758412012	18.56031950919042	12.96396828303159	17.208215553571158	10.15305024959616	14.685422723569664	3.259275716596978	14.174207447367621	30.761899238935843	4.789388678318097	19.31106022061802	27.501816923007894	5.822082130219776	8.463779059788674	14.485523876692893	16.284505534043635	18.23328203365505	11.159243959954804	17.484345368351704	4.1367967065508	32.05661916599943	7.574108856487084	10.364480400431699	15.116150140454172	4.066916143344051	3.3409858918323208	17.032955579819813	22.70217779464712	8.756289408612457	0.6567398471734226	19.283242361229366	17.940141383206708	14.595382973602653	13.958450651168306	10.301779750372852	11.584298939110177	15.29364753496061	13.815659645457727	3.652661677135502	27.21816954643505	11.473371530128917	4.299466433348884
30.51487879616371	23.694221814032442	0.0	14.18359979803086	7.97911929134296	27.174304399877713	16.513982972504014	28.36912084153641	25.334980072667687	1.980642347014925	15.1437914047455	25.31288374727694	31.965457342664994	23.957464823663944	14.082873087885881	6.814068236769256	20.680357459580875	31.33598693136574	18.661508554224937	26.12538842222363	21.107053244403566	12.95466216462165	16.82143907615363	16.67696412896955	13.578833767237777	30.28139947367606	11.23543712019769	19.38506733627611	13.762751650874177	21.03555581174216	31.55153680623515	9.508450731976367	16.513599064844996	15.24473561837736	17.6311595492213	8.809229680058808	17.12737970865522	23.998059754918042	13.1393006337275	25.624665136851373	12.33827357291791	34.50818524367384	8.56075680629129	24.91317402680785	16.489887684659063	26.176886630104033	12.250135314911947	13.616745301183435	16.516588644562933	13.056975211072055	31.503593623078636	26.999518514028267	20.36112005482333	18.346158486030834	29.27521758710317	3.3854082737953815	10.539259656124015	7.518238116676676	22.98742800282495	22.82751181528421	10.949335448666487	22.79124787592796	16.397413986192042	37.95586624339682	21.596214690479332	22.163276508994862	22.68930268758342	21.320853735896005	6.70399826008325	30.878689042389723	21.02198807095137	24.36694801410695	17.959617206699036	19.08752715924373	18.593213003037913	15.891440734832855	6.529414102251759	25.240497260562694	33.076458812162365	17.67553692991187	22.63122410084965	8.582444973966334	21.401249234525753	25.84711451953513	12.935011063862085	10.152764649602817	18.57179793451776	23.07859600750058	29.05215829045117	24.269721744410234	18.367118098015325	25.318873483698876	31.53448989635597	13.943995045252816	9.000510414472153	31.97398850827381	20.64885173137283	4.223260054656448	12.273034147862036	20.35634416923907
16.912351625185398	11.776906433324402	14.18359979803086	0.0	7.132071803352178	15.106539982676916	8.632694273246667	14.704664292213028	37.057677987366006	13.832080872964971	1.9995642613864073	12.858595430327576	17.87216433789774	11.800319804018587	24.73457929063844	14.317954393923191	17.48465851580025	19.219213546195256	8.747702664100354	14.820910176605864	9.408957892603784	10.185454394123804	9.091416844610645	13.407610220629305	5.059875416152039	16.816957728498267	9.95522722230123	5.925084135760398	9.680189567241612	8.101622072836582	19.090944883463248	23.493837504924223	6.396330267976303	1.787075349378553	14.339486060948282	9.195826060574303	5.087071249815715	13.377386471294617	1.4993036527915269	14.514273661897683	10.234032044275644	35.08961298133211	13.051520740093201	13.052801527692775	10.515575712679844	12.821790800692835	6.643388106283308	4.141824012018844	2.7533522959183063	5.418716972774859	20.149254588248635	18.574769675204976	12.004579074399421	6.99824841954993	25.01750964082126	13.35285904240935	8.824760360136166	7.75406804036497	10.632432907082274	11.664453159749435	4.347935089667246	21.2094516377257	11.267592759971636	24.546213787763165	8.79111932617533	9.070562463872132	20.151807425311716	12.05955873142168	12.821631289457233	21.319317341380497	7.304925382328445	10.196860750126312	16.273730935174907	7.80132769922268	8.878601828013915	11.75219008202645	7.730787297774932	11.83906586671126	25.03062697203114	10.078501073084977	8.534470021799613	6.827292695806396	8.267027490575037	14.84634963587748	5.424032224947674	10.933162837071269	4.438378205371845	11.124658263331966	16.38170675989767	12.335695130774099	6.174436827351046	11.716857758307343	17.587657748354705	0.5515362536221905	5.281202300337186	17.797354737182385	8.13964782956283	18.305434496978652	4.583180135370712	10.492305579173944
24.043832478096235	15.729560227735368	7.97911929134296	7.132071803352178	0.0	19.21769489173017	12.996492840267518	21.83663829180259	29.975382288998276	7.090397851950922	8.694279557696454	19.71595486922926	24.878536104315284	15.983202743376118	20.90389685001907	7.270225811563417	20.231374019460358	23.39287260957729	14.28502523998308	21.293422082409144	13.137291239417731	6.6158739521985614	13.432099042980004	15.800693017228763	5.609516767679457	23.94007315100264	10.453781650819536	11.579596890127045	11.903858260444188	13.098748751514808	23.583104940040183	17.4775306043185	11.786337023863494	8.656385286201983	11.79235656967628	3.0229703012320277	11.458400383544271	16.181815738080992	5.772282276120093	20.90128518664091	6.202607362512293	31.49423035642015	6.429391837457444	16.959519266778223	9.410918213881342	18.250848985076594	4.536529373953777	8.561580577473997	8.957110544402285	8.835654565811504	26.7338486508451	19.768906562154474	12.894110030521082	13.156408813665363	28.65039689977195	6.357286691352387	9.173146968686918	5.463518901032973	15.00831002711765	17.98529575588592	3.109344538077254	18.20476115508872	9.615950578729066	29.99996085768576	13.640825192453455	16.07038343869674	22.7409384176571	13.685958128146783	5.8007778976378725	27.22795673626599	13.256438857575404	16.922805571534564	12.96326340263524	13.986382683059633	14.319840380080779	9.450863138396773	2.143987979721591	17.329244021701207	30.378201631204014	10.225366919822752	15.594392343094446	0.6340050442966647	13.485865200310498	18.001148150276588	8.739923528829525	10.442308647888456	11.165873947479362	15.108871936374207	23.34588661120258	18.995370836372693	12.709038822998975	18.84265939040597	23.75910295004925	6.731287873164304	2.289891959530534	24.650818466979764	12.681288394454903	11.738738487992064	4.296502324211547	12.57050979471179
17.532298790354083	3.498471381145649	27.174304399877713	15.106539982676916	19.21769489173017	0.0	22.03827624244726	16.153866985373227	44.2708546771898	26.035132632788173	15.859025358608658	18.98331076021451	14.797175515564627	3.3361823328820464	39.5198714234158	23.883936291541296	30.91935612607651	4.198113636628636	20.64118647971742	22.127139453485157	6.096617772817302	15.799104330785633	22.400928074991423	27.515643155058072	13.608769128112346	18.060538455921755	25.001716447000714	9.32667668938643	24.28962158839524	7.041292710728079	4.410314424004244	36.62217440412974	19.430827122325184	15.525135044057341	14.69273314702072	18.884656100682236	17.254856544355903	4.115557418419362	15.246172487754023	22.250758991227208	16.409462209815974	30.539775680063975	21.581639698880306	2.2622577596929645	12.299358328783999	4.363473600398506	15.017533550351816	18.81111823292063	12.393891503757693	20.201351670895157	25.489416868939202	8.259325998429135	8.55007599909801	18.51074856811602	36.79909866449276	24.960409494646335	23.917659047970872	22.469576405392875	4.478583958974662	20.639871341482888	16.46214795407837	18.600178268300716	12.998179920062231	11.571968885990673	6.3396029179152364	16.213763558388646	33.48931000452904	7.156032076915943	22.631720293946252	29.022574052003982	8.506489052678454	9.803348362267661	16.718550158741657	18.84864837956782	20.879512769686414	13.981033196860412	20.98264958352603	4.877306965579934	33.70110265504029	10.561249712880647	12.25524050410136	18.601698694519865	6.987440909104107	2.7096140048361184	20.241309218759096	26.037259431583752	11.69157932645652	4.139202445942902	20.295387858152704	19.753111271803753	17.265307825583207	15.314428176607281	8.73288850498009	14.953766614756859	18.786984494472954	13.158108307422625	6.9857750834514825	30.653816305391086	14.969557364980915	7.286499464447135
15.911432242883672	19.158355383710727	16.513982972504014	8.632694273246667	12.996492840267518	22.03827624244726	0.0	14.124828248333129	41.666802341356735	17.20804549254827	6.889759066381653	9.773413623464974	18.74015185866719	19.01198226440991	21.812949957161628	19.788966096971155	9.036926938373114	25.781541608413736	2.6040670109827815	9.791300274605192	17.207475176447872	18.22188769694534	0.46534607404841627	5.5382544509928175	13.537670828667123	15.448843637499996	6.082013921330098	12.950842850129666	3.6255662720761452	15.21957153071256	25.350501201933607	24.05643600325655	2.61143454858255	7.22630900321088	22.803656635496306	15.913619233300171	4.783949843064181	21.27841845849269	9.716220512720893	9.247845451084325	18.111184580340257	43.49345258203158	19.39517163353919	20.333840652787448	19.097670539237978	18.625253800364288	14.72812974499819	4.7740894920671195	10.4780623677073	4.162384055276636	15.047859082279782	26.863870645130714	20.544106151741882	3.920946208847178	16.404348106091316	17.454894792399227	6.179919507379781	9.178949614948511	17.843530992622	6.672432741222685	11.681677958586157	29.676368547814324	19.803910064670376	29.20557344684044	15.904779089826434	8.121495957667669	11.688067031621255	20.45271494912912	18.467396423988138	14.522599282539767	13.532026570211901	13.874975375081734	24.603529394600116	4.088262382001214	2.4222160879537995	20.19640903034448	12.056702814197227	17.712460990237066	17.391233838669308	18.71010576785296	11.0751975645425	13.09353183649037	15.138585214911924	22.463140656257504	4.2566215891325125	7.613379584252383	10.4061454228683	18.558662945334014	13.349629237004313	8.4273492433593	5.004756589134931	11.417278265562592	21.478080471947884	9.125654029042291	10.734824383492263	19.54758160788868	15.616839146963562	20.586428371779427	12.690996302878586	18.849374156459927
2.2122119081905507	15.417926183339183	28.36912084153641	14.704664292213028	21.83663829180259	16.153866985373227	14.124828248333129	0.0	51.709846916651514	28.33082571203523	13.313028148112986	5.008482326803214	4.8693638548237095	14.925970246235233	35.91343640655097	28.984189048176297	20.24897061342834	18.083158778318193	11.548816990296233	7.57857321520364	15.428250257773575	23.44628644203029	14.163096460777098	18.82152076631589	18.312670228630214	2.273211670119977	19.935850397596507	12.371348243577064	17.721041587828893	13.02504528110729	17.128948849430966	37.138042945422136	12.606595546274349	13.273810690912686	25.809979086753437	23.69883093745663	11.358185502988722	18.210415338107737	16.105702281825504	7.9971299430171445	23.740213037277474	45.291403501357735	27.532646372918176	15.875381229221443	21.8811484969352	11.812521061728471	20.360970752007823	14.890356415122595	13.391367990823099	15.780578422120415	9.431561104556744	23.983452757012703	20.536977821770382	10.64381064649367	23.253100833752082	27.98823150597117	19.608666130525545	21.039394375502038	14.305470539962817	8.337723413618878	18.953857913280142	31.912451490111568	22.82462586304046	17.707704229029154	13.249731840176496	6.33360785421959	22.238076494800556	19.556673723260783	27.48342225190915	13.479134901773765	11.097891708159574	7.0585324762838875	28.068510350653177	10.156980241463957	11.761896377169643	23.697878768785127	22.2307987195939	11.523648605367367	18.257200398206308	20.45266632356337	6.559988967156795	21.51943004928613	12.51802980244775	18.181354555241928	15.89565718342917	21.456453121543618	11.17124173906275	15.209580856024852	4.272178217700896	6.4850560684620575	10.205757349577842	3.0503034669951714	10.30788580696851	15.122266440695007	19.88635907688582	6.256338302334338	13.921561197699846	32.58649223033823	18.65072743398432	18.2849727590944
53.92204982270462	41.52081994887386	25.334980072667687	37.057677987366006	29.975382288998276	44.2708546771898	41.666802341356735	51.709846916651514	0.0	24.459212639626767	38.66717561336271	49.641113903089014	54.28123040292419	42.00791968809878	31.12000067136659	22.739832915430796	45.67004570240168	47.59011006340324	43.59112215986794	50.953563334850536	39.51749305104043	29.199017546665228	42.01040382531031	41.90748224802397	33.693745889192705	53.86215500803061	36.56660964022748	40.23272092164904	39.09251844124073	40.834634856627304	48.341655317783015	21.77238652863448	41.24051694931744	38.6312245298919	29.663016119220792	28.032191016856583	41.32020804355972	40.175201845161865	35.620003673988585	50.50235629104727	28.719847869651975	29.66763280721336	24.245173710695973	42.31736436733159	32.17242355159554	45.490202427904	31.63182754455728	38.08059621313359	38.41072564672697	37.86889216824592	56.403911053243505	39.32002656403279	35.72078233975571	42.872740614788455	54.070190760721154	24.298832813604502	35.855377375247166	32.48984761458151	41.55441385760978	47.61512907535882	32.75997635594826	28.465025850988784	31.37141090630211	55.79407807688769	41.0916354513247	46.04491203410951	47.38394534534839	37.11557859864133	24.237463117908696	56.14906115030759	41.8843902690857	46.07222252119625	27.866122916876257	43.679054449295535	43.56097627956179	30.36755778992441	30.031349125305397	44.800089656202445	58.4018916263855	33.95209022221013	45.283203596669935	30.233339603706522	41.35569136628556	41.871872449072036	37.75081589947401	35.423191327619875	40.6746835713947	41.13315627042069	53.30483828379241	48.82199484792397	42.58710972390067	48.76199742938332	51.55496081051175	36.611538172288945	32.09999800140462	53.70982215173622	40.074903246284094	21.70227866218829	33.12918509618268	37.225272141139456
30.50793676392372	22.586114620888804	1.980642347014925	13.832080872964971	7.090397851950922	26.035132632788173	17.20804549254827	28.33082571203523	24.459212639626767	0.0	15.02022364219618	25.57482378584894	31.703693877068204	22.88343451366127	15.979113342725569	4.834326422958653	22.064167511712053	30.15924654148541	19.188476373793566	26.61349779421107	20.024681936179544	11.32406429409544	17.551565858963308	17.926693510130523	12.54680187936725	30.321749049229634	12.347163054370252	18.66722439012717	14.747882701528535	20.163693392645044	30.43589384082543	10.619702028351938	16.912005015358133	15.076893382945377	15.835932107241923	7.320458553542411	17.279557728551644	22.70127424659864	12.644098694021181	26.138431057068733	10.69110534801705	32.53472412422242	6.629010909769496	23.77404191779531	14.946868695879335	25.316956195758156	11.020986603117377	13.855101576347435	15.95947182587802	13.485119645036475	32.040555722139906	25.415819027628405	18.900184931794275	18.65397350871713	30.694572772394025	1.4375838312903417	11.49373037892002	8.034752913481974	21.965767741305303	23.28516336686332	10.184826533688867	20.84739509930889	14.782855003868367	37.02587494004543	20.68632551864225	22.244156486416745	24.176314742927087	19.927075576514643	4.777188711419446	31.697216136714417	20.339260856694512	23.903579681516348	16.06878589217765	19.430692844299998	19.144919066530136	14.21548773951728	6.118236484992629	24.404260032579106	34.12034323247628	16.234579495182004	22.362039561045897	7.63492261363088	20.56271534169606	24.567406465819563	13.364873165758052	11.427795506240141	18.107848817136652	21.98859037211023	29.30208586686527	24.619585838178555	18.541727852709347	25.287549219945554	30.84770701530858	13.525408895676607	8.551716647557878	31.592630827341228	19.708183115406737	4.660423127715077	11.337207527054007	19.057904168540137
15.497458941137417	12.699723199107764	15.1437914047455	1.9995642613864073	8.694279557696454	15.859025358608658	6.889759066381653	13.313028148112986	38.66717561336271	15.02022364219618	0.0	11.054214842215357	16.839736401056246	12.641581353632398	24.68895205973047	15.9578693991377	15.87506762366336	19.857081460367844	6.777851061485781	12.883049467258486	10.526698936837318	12.182550252476478	7.335538502595375	11.967950045583777	7.045360580819547	15.338316032646219	9.229885232632165	6.533450833496243	8.467559853761683	8.830765983778734	19.61281790988912	24.223443957604406	4.501307415445498	0.3480108370733166	16.30335331172842	11.00532489842052	3.0897966846127005	14.582826026459408	3.4406563116068005	12.559325737016607	12.221996382594012	37.053372354823416	14.84023338648035	13.94109900875252	12.436804425522743	13.0894357959334	8.636756308965955	2.9569691378727176	3.665514909602201	4.349628874832629	18.24839613595286	20.026930646997894	13.65551531392807	4.998836387629267	23.186990011984566	14.691360158477012	8.263629273761657	8.134963617898991	11.457206716640478	9.6916365262838	6.172046278052275	23.16510749904797	13.212748563806496	24.579339085903	9.5343327749816	7.378064219841153	18.538980654950674	13.577578215282912	14.47579985851223	19.325929987051275	7.575675399666854	9.65048890002582	18.259609854380006	5.803968917438066	6.918837577068169	13.725096245130032	8.918168195107684	12.111947396862218	23.034410421933583	11.892785189323629	7.548932809674521	8.478239085064287	8.877946253979017	15.91119679820456	4.3965840336865325	10.412377660705502	4.359313185604536	12.066042000524309	14.655231562058109	10.441403111386832	4.2097863147784755	10.27475937951786	17.31313071623707	2.550943350425808	6.610435539461024	16.96315297897165	9.059199456399346	19.33906882508446	6.568566717503023	11.979403989518193
6.330821814454484	17.393212218300466	25.31288374727694	12.858595430327576	19.71595486922926	18.98331076021451	9.773413623464974	5.008482326803214	49.641113903089014	25.57482378584894	11.054214842215357	0.0	9.875182002227168	16.99367309512927	31.52388639468666	26.98605615648745	15.242820266256782	21.63809946315948	7.180330054676561	3.1515891916456376	16.650306154533183	22.684102898385405	9.716840202570326	14.010081642727464	17.37286089775617	5.773569681679439	15.81533228607068	12.705128865863127	13.392730463430349	14.135562985085413	20.826626944213906	33.56926612997457	8.85882092651808	11.143635036924975	25.935703861641727	22.04013651194956	8.331492790605491	20.129495923739047	14.356738975081303	3.35603341679542	22.84858554373706	46.24464503806432	25.88629243590549	18.15746172300514	21.904272894531747	14.68369506189234	19.2770331129396	11.726280766555034	12.490141144638509	12.2901233143013	7.506191489166883	26.100294224852227	21.483550911893925	6.969405282090861	18.625572034747336	25.45739277542027	15.708135026999239	17.805234441255706	16.104096884621566	3.410713456078755	17.19113697494434	32.49345235038716	22.813450393565507	22.40312622739038	14.578332178348235	3.9081063456996086	17.240200899995756	20.766344333365545	25.513060864863483	10.110548188944632	11.994791863663925	9.180767625690986	28.111582717253174	6.258572364886376	7.351342240428506	23.558677281415555	19.656239148182898	14.109292194455378	14.726518219951751	20.76391030370373	7.061263188072501	19.52732975101039	13.733973397038952	20.540330592132833	12.41172366654247	17.352533950753394	10.6496579489233	17.017250212830955	3.7394105443988885	1.5018382578781209	7.062376594576761	3.7659635302145733	14.744646716855613	13.371606386368228	17.54473176421985	11.208237579512257	14.946154911659594	29.52096662789042	17.320755431829554	19.288866129545248
4.231392072933348	15.15190337793827	31.965457342664994	17.87216433789774	24.878536104315284	14.797175515564627	18.74015185866719	4.8693638548237095	54.28123040292419	31.703693877068204	16.839736401056246	9.875182002227168	0.0	14.603153357087486	40.406152471976924	31.754169902803447	25.117550911226452	15.627334724919383	16.214295656653015	12.273413085896022	15.968097966663992	25.341593406402815	18.820523043930375	23.617234700643518	20.58749987173029	4.9866490630830915	24.354221429318475	14.090351940361808	22.27981013775334	13.93979042875305	14.522742039428683	41.031230224549546	16.978178558543323	16.72338900954268	26.824469434667268	26.32656276144232	15.439833907402356	17.781307002796915	19.12002024720694	12.740986286641837	25.73557039723955	45.11023743920354	30.048107673273275	15.213460236856575	23.145411943413233	10.887916890685702	22.650588871162903	18.872388718390287	15.990694706577079	19.91817421968014	12.85770212395274	23.033195273363578	20.9875080600321	15.060233056954386	27.80990856340992	31.195517180791487	23.90219333563924	24.887511030226225	14.35027622113002	13.199922631050644	21.835178985438876	32.31962284619762	24.078814578774892	13.485501636607257	13.91724133989191	10.680814773085821	27.08594816788987	19.79758502316097	30.262052455946467	17.409057582984385	12.495448468901706	8.221273755576282	29.089806875420653	14.6835283084711	16.439619677666144	25.03342809170547	25.59452194247754	11.016734663328018	22.119384258242736	21.521127685430002	9.344777205318087	24.474950473084125	13.394992860399332	17.250593758774336	20.02620543837765	25.847987129841755	13.736778650142305	15.150624514062818	8.310433195030658	11.354415996758734	14.417178879391255	7.326264060751739	6.9965981574562415	18.197351915236382	23.153357513443954	1.9471716708885625	14.813854315541432	36.13760090167176	21.216740940963312	18.81568223688634
16.61255623268801	0.5557467490856097	23.957464823663944	11.800319804018587	15.983202743376118	3.3361823328820464	19.01198226440991	14.925970246235233	42.00791968809878	22.88343451366127	12.641581353632398	16.99367309512927	14.603153357087486	0.0	36.187273016780516	20.99242838780276	27.97811084760417	7.52307961322111	17.79379637990373	20.07812309696701	2.858753212411601	13.075562302603267	19.39387065367962	24.43248768037131	10.37880670977859	17.03254760161562	21.72401041812752	6.123831202924342	21.101902489833186	3.8207980559014842	7.607197650989532	33.43421034196378	16.400971463879884	12.302225600383647	12.842941988458717	15.839581305077393	14.24938332033085	3.287172483295907	11.910847843345309	20.128486990035096	13.652008886315473	30.581629926506814	18.75970608635955	1.3222669802076725	9.835724632845388	3.8311493931954863	11.905428962219668	15.579879726996001	9.110823999086254	16.96482712965769	23.94223980904337	9.1442026949996	6.6641395162553465	15.639001561216372	34.21018314871125	21.856289764188865	20.621703688787548	19.13375723143804	1.1844420090756345	18.23623690174148	13.169367718503567	17.76312886975289	10.648540083730673	14.296296236590026	3.121324159614876	13.834991973170984	30.581923699842175	5.3412154747016185	19.682298444659228	27.104206127293875	5.5779660983711326	8.005135596395943	15.027261996693435	16.052939715123884	18.0239314314702	11.655624449027929	17.700043436510494	3.5913891151145894	31.678056522373087	8.055955853105253	9.988491195723466	15.37518394857504	3.875873841698495	3.612943857123503	16.99977755567556	22.733391816931565	8.606802118601673	0.9145781766260301	18.821146023288076	17.572630553851592	14.386220620970716	13.523083878251372	9.764349182818055	11.632423301806446	15.473922103643183	13.260886222846072	3.6628471228370967	27.52428424917778	11.708281861496879	4.802656130213026
37.72375384293041	36.04517599520868	14.082873087885881	24.73457929063844	20.90389685001907	39.5198714234158	21.812949957161628	35.91343640655097	31.12000067136659	15.979113342725569	24.68895205973047	31.52388639468666	40.406152471976924	36.187273016780516	0.0	20.635401270627625	19.613436129021164	43.709844099605796	24.41318693256787	30.894790711928344	33.47560648639914	26.833406655929352	21.822303821554833	18.069517131322808	26.22941134147904	37.25057511110386	16.06150147934201	30.640970448112697	18.197238945683512	32.717548920016185	43.70346827643102	9.59834958048212	23.43182510510156	24.9458011595855	31.67557626265282	22.597960770110323	25.122567456496242	36.92226201885698	24.32509916140268	30.29776922038588	26.24752107080787	47.81332713399876	22.60709442326286	37.32483841268325	30.169039762767927	37.55622034647533	25.440335331472596	21.9956606846348	27.473974890883625	20.74633120304168	35.37390862202768	40.64119217440843	33.79632879067072	25.347452124411788	26.21288528274167	17.4166698550841	16.641925053512285	17.074884575839874	35.080859305239954	28.237322023559756	23.198035657360712	36.80269392447439	30.2061406200045	49.23372887245911	33.377492241781795	29.728535163064926	20.053948792279122	34.57168930743904	20.75628413018931	32.84104243837571	32.028593665953004	34.249961654549374	32.0395637894395	25.76589121047103	24.217705899428946	29.80151446994231	18.857780845966055	36.573273212836064	33.039432019488025	31.120471589337267	31.81008875419223	21.534036239490643	32.94610291945934	38.67784250697484	20.653983052277255	14.595171896267571	28.968101049290404	35.393151803258	34.94039311200793	30.10708040907356	26.031566386715635	33.10065142566447	41.981846488146594	24.76072803720385	20.80268696068172	41.00339229607478	32.584284977887606	13.41051469935912	24.795148179390246	33.380406832504896
31.196074489237485	20.60612250685053	6.814068236769256	14.317954393923191	7.270225811563417	23.883936291541296	19.788966096971155	28.984189048176297	22.739832915430796	4.834326422958653	15.9578693991377	26.98605615648745	31.754169902803447	20.99242838780276	20.635401270627625	0.0	25.87149810792583	27.83098468347955	21.35637227195738	28.51049105376688	18.201318290526217	8.184443890893156	20.192416296611242	21.55060991373708	11.333230609378893	31.125432020932344	15.896783398875108	17.913826152127736	17.978302573367856	18.928587550120586	28.27464795403203	14.050179162541815	18.89695186814911	15.907725744187225	11.815570131861245	5.457265742531346	18.714198992881336	20.16614777782769	12.883179543288744	28.101085139699638	7.544311401937884	27.708050450013772	2.4259825857793786	21.673702352595775	11.892515570686735	23.95616601277682	9.368962030045214	15.671087025044551	15.776398305400983	15.715569881566829	33.96092757172991	21.95146250840654	15.963364682407693	20.37172699782377	34.49570430410759	3.497050042289362	14.821247121976523	10.939343177846931	20.25010261525225	25.18673288366288	10.030863873923842	16.189150820803896	11.480210257854626	35.28760032114945	19.326485786614242	23.327533058025505	28.15626296049213	17.17153618479174	1.5012395901416276	34.24100358557501	19.607564655678576	23.619425671725125	11.659815147762725	21.196452939235943	21.366249632114773	10.71039031608728	7.733179361239513	23.130616027989618	37.12299240210644	13.46598030979578	22.60894310127484	7.4963888432551595	19.403730235088336	22.040467765261965	15.606596271622816	15.280618359479826	18.04123854631341	20.077850381765412	30.612712737475004	26.250831571517622	19.970187131162042	26.02465901331203	29.835172454060427	13.873124047227645	9.476101390937142	31.347927320879144	18.300040145468927	7.91647104777455	10.543498149170164	16.626943572334966
21.39736354069876	28.14809585994818	20.680357459580875	17.48465851580025	20.231374019460358	30.91935612607651	9.036926938373114	20.24897061342834	45.67004570240168	22.064167511712053	15.87506762366336	15.242820266256782	25.117550911226452	27.97811084760417	19.613436129021164	25.87149810792583	0.0	34.51739837262782	10.325407895608402	13.284287209609984	26.24183657860009	26.305387063447327	8.623102649926496	4.4306977930589415	22.132497092144863	20.73783526292108	9.99606134382949	21.963050926129327	8.373827864815498	24.21238657739002	33.994918071002	25.32817173870064	11.619522633425857	16.21808499336076	31.200777045919175	23.252118104624916	13.735453196954241	30.311754982164096	18.37436994926302	12.715929601757246	26.07529249741515	51.61878443797075	26.15959285480994	29.300036719623744	27.716415712865864	27.280157214903525	22.999706182697853	13.384138878505995	19.501546184110957	12.290737025437897	16.546942694927264	35.89032446383732	29.482184832018607	12.418535096287645	8.639869447000759	22.818897068450248	11.16456527497228	15.09285726805753	26.820385223647012	11.96628933683841	19.809799731757	38.001180563948076	28.341235437714133	37.09376201789144	24.88919002376179	15.625875969755965	2.667433815693609	29.452095899958653	24.818397316888255	13.35351937467814	22.441510527494245	22.14153107384848	32.80650104807397	12.16173840442657	10.079534520886408	28.608809325005197	18.651713673541625	26.41506267651567	13.553781088285213	27.51199032295309	19.300584783884446	20.523566338438723	24.10289131411095	31.467627194758155	12.328969464118972	10.653884340878793	19.39369148722966	27.558966289202296	17.691062493024432	13.766152519777064	13.657438041529028	18.308636461102235	29.291815145908544	17.93408647413703	18.228875866834297	26.381037082313615	24.638807731326054	23.97507400195343	21.088615985790973	27.854443377843488
19.0570453922975	7.694577409278434	31.33598693136574	19.219213546195256	23.39287260957729	4.198113636628636	25.781541608413736	18.083158778318193	47.59011006340324	30.15924654148541	19.857081460367844	21.63809946315948	15.627334724919383	7.52307961322111	43.709844099605796	27.83098468347955	34.51739837262782	0.0	24.193035526503458	24.779791444169025	10.29095355043837	19.67598060232674	26.119678384073566	31.3028578694409	17.787344779836985	19.68635296266342	29.054978483572874	13.359785380457138	28.219941286618944	11.11920156341193	1.1932259658984654	40.76232630535657	23.195231785830487	19.531133144326613	17.93322503637129	22.954941129554072	21.01060252801866	7.6876472755163014	19.416529184407846	24.982627190614537	20.303622539817045	31.45018286733641	25.48670827729314	6.438678575448786	16.05675834014341	7.255360270444891	19.138991187006578	22.813931677252818	16.483997761462724	24.206628896623428	27.510019953999024	9.385136397471134	12.090239090584054	22.110933217669547	39.93825537403484	29.055328707602197	28.000848634840136	26.65131269101981	8.637283749563695	23.707861427819967	20.658281085900665	20.777809810142237	16.662606350504397	8.396064065200784	10.428111268538329	19.344187543898112	37.035495665669025	10.75982056799673	26.625425675372124	31.423372322317725	12.348227513997209	12.685527600520409	19.767068086901556	22.36367997377042	24.43818230461627	17.605964929312123	25.17551219542346	8.10236738014417	36.177952527916766	14.387174506399425	15.40694013981199	22.773770814064083	10.996890435705554	5.8415427745249895	24.25301628444687	30.13160417786934	15.589957298451294	8.337249444090554	22.349123389925456	22.59595116311348	20.887702980609212	17.87641669876766	8.7166846433176	19.09089153393485	22.985082578770704	13.755989083995157	11.144055690695971	34.75907724399118	19.157822871960377	11.214582152702375
13.310615780543387	18.006141683987334	18.661508554224937	8.747702664100354	14.28502523998308	20.64118647971742	2.6040670109827815	11.548816990296233	43.59112215986794	19.188476373793566	6.777851061485781	7.180330054676561	16.214295656653015	17.79379637990373	24.41318693256787	21.35637227195738	10.325407895608402	24.193035526503458	0.0	7.465076110865234	16.30548344195402	18.833321200266838	2.614550113988181	7.602585842118342	13.807365672996738	12.844866545756277	8.6399969841082	11.941666451063439	6.229558101070915	14.105295679559692	23.67230250386231	26.515316333914363	2.513468161801783	7.058694080146112	23.080340594336715	17.045954112273947	3.8710937534437453	20.331294351842825	10.075824611044924	6.9647276848932504	18.810681579623687	43.83081390248456	20.709572744673537	19.109974151114535	19.20641621498683	16.954939780143214	15.281095127645738	5.72346773004712	9.96541586402921	5.722653637900618	12.857458432804323	26.109543682031653	20.140155315591898	2.160263898149386	16.6699562146181	19.29730305244633	8.608368623219318	11.183489835562419	16.660297712711408	4.204000572204159	12.471124048174685	29.942907134105532	19.98976923461392	27.086429337398403	14.757153481863357	5.710445768639581	12.8557576101203	19.873634722790037	19.966887787475493	12.945209062085357	12.220204062248222	11.892282864405987	25.01925217031394	1.8465577295098845	0.25157985354905715	20.498318537240948	13.671287506180603	16.091013508540662	16.344993754563042	18.583736242619487	9.048774101455	14.275846725602761	13.939464326406771	21.345516154492906	5.840420994086637	10.176629154607161	9.340311170449258	17.44565141318427	10.794529861592537	5.866640775703752	3.411058705498207	8.912116906855882	19.306872456362125	9.290974148828457	11.995889622891177	17.09609859912066	14.62650542454613	22.80450391458068	13.200781868830042	18.265251945583056
8.258548934611875	20.463338250419238	26.12538842222363	14.820910176605864	21.293422082409144	22.127139453485157	9.791300274605192	7.57857321520364	50.953563334850536	26.61349779421107	12.883049467258486	3.1515891916456376	12.273413085896022	20.07812309696701	30.894790711928344	28.51049105376688	13.284287209609984	24.779791444169025	7.465076110865234	0.0	19.597856603060848	24.911325460911936	9.589905006428953	12.916518703797818	19.62098488814937	7.55414529602101	15.814402352067601	15.514663870709386	13.214308792176109	17.093717731182668	23.956486581412918	33.83924456485576	9.715953012788752	13.041330980607135	28.477350617109252	23.836994668210995	9.878909892788812	23.175970096660375	16.307393591798373	0.6005795271413191	25.01558043557812	48.967413416503575	27.629741739824425	21.261027773991096	24.45227263649408	17.834018395326577	21.41804305234389	12.883434853287898	14.904671686481992	13.128717758318132	5.455875761093724	29.154033412207742	24.318081984142633	8.139957766260531	15.689653500454547	26.6584531804339	15.968641964897381	18.635994242844856	19.158321752196272	3.338538805230921	19.040970792608046	35.145561976176865	25.338263813962218	25.257243096704055	17.57146460874389	6.531371579301227	14.985011098393498	23.671385828973474	27.07458562120479	7.071272172902987	14.949451864461786	12.323821919086992	30.60471256313216	7.314038249306676	7.5438693294364425	26.027801442901282	20.939891127355526	17.251195239587027	11.604531588055117	23.422666242762457	10.100549120848914	21.186457487896305	16.718249490624114	23.643648680727722	13.24919497074022	17.321622374162363	13.279431887042575	20.065900186022724	4.406827382782689	2.6452974107711804	8.678366619361416	6.903462169242474	17.705497138953206	15.361319472659307	19.040958046909807	13.819329139606777	17.87450350861976	30.2686131200845	19.390198682533278	22.1588108700772
17.337428306749143	2.5984981895825974	21.107053244403566	9.408957892603784	13.137291239417731	6.096617772817302	17.207475176447872	15.428250257773575	39.51749305104043	20.024681936179544	10.526698936837318	16.650306154533183	15.968097966663992	2.858753212411601	33.47560648639914	18.201318290526217	26.24183657860009	10.29095355043837	16.30548344195402	19.597856603060848	0.0	10.410130526009226	17.61888281913681	22.47964487887843	7.528988646559325	17.65045929998956	19.360176744737217	4.37237076192941	18.964040722211386	2.515975916719904	10.445848076479288	30.5785237157255	14.625872729879868	10.179202756537542	10.880632476785179	12.99970679183862	12.560768545160071	4.071743733413935	9.321365123733688	19.563150539382967	10.959591368093974	29.88789074273172	16.005907058923697	3.8587603078811576	7.436631291213404	5.973366226521456	9.053064644681562	13.385722445482658	6.872302615037807	14.743075940327076	23.931318091771832	9.82805174599296	5.1211172231581275	14.152538851074347	32.93466607409406	19.000770899607836	18.205047591345878	16.468365142518525	2.064259048063974	17.365609941703674	10.367607916950721	16.525892785737213	8.322338465308372	17.113705043938435	2.1786680602596853	13.119063914530274	28.883806655141278	4.160675681260298	16.869821435237565	26.668832172988168	4.6559763115438635	8.380948035831066	13.137029434996435	14.678969883270893	16.51889253799048	9.319874319706662	14.886032291457099	5.334365184658674	31.087594420566333	5.697156373747364	9.621104915449779	12.52616206568614	2.9551192939986466	5.437436974192179	14.76460162567814	20.281827388247795	6.968667803729197	1.9716810007250005	18.975435027236017	16.992818839020284	12.917168744451336	13.517246366241297	12.045216128633037	9.167096967775477	12.705608038389522	14.878400622182093	1.7389373410002444	24.665958885126653	8.87551658355124	2.8814627849145213
